Bowers
Operated by US
latitude -85.20 longitude 163.40 height 2090m
Data format is: Year, Month, Day, Hour (UTC), Minute, Pressure (hPa), Temperature (Deg C), Wind Speed (knots), Wind Direction (Degrees)
Null values are displayed as -999
Data supplied by the University of Wisconsin

1986 01 11 06 00   755.9   -15.1    17.5   163                                  
1986 01 11 09 00   756.6   -15.4    18.5   167                                  
1986 01 11 12 00   756.2   -16.2    20.5   170                                  
1986 01 11 15 00   756.2   -17.1    17.5   181                                  
1986 01 11 18 00   756.9   -16.1    10.1   185                                  
1986 01 11 21 00   756.9   -14.5    15.6   158                                  
1986 01 12 00 00   757.5   -14.2    11.7   142                                  
1986 01 12 03 00   757.5   -14.1    20.5   161                                  
1986 01 13 09 00   757.0   -17.6    29.6   161                                  
1986 01 13 12 00   759.5   -16.4    18.9   147                                  
1986 01 13 15 00   759.5   -17.7    28.1   161                                  
1986 01 13 18 00   760.0   -17.1    33.0   153                                  
1986 01 14 00 00   761.2   -13.6    17.9   160                                  
1986 01 14 03 00   762.3   -13.2    21.5   147                                  
1986 01 14 06 00   763.5   -12.1    14.6   156                                  
1986 01 14 09 00   764.4   -13.7    25.2   147                                  
1986 01 14 12 00   765.1   -12.7    10.1   154                                  
1986 01 14 15 00   765.3   -14.9    17.9   161                                  
1986 01 14 18 00   765.9   -15.1    19.5   172                                  
1986 01 14 21 00   765.4   -15.6    18.9   189                                  
1986 01 15 00 00   764.1   -15.4    18.9   189                                  
1986 01 15 03 00   762.2   -15.1    17.5   189                                  
1986 01 15 06 00   760.4   -15.1    19.5   192                                  
1986 01 15 09 00   759.2   -15.1    16.0   174                                  
1986 01 15 12 00   758.0   -16.1    15.6   177                                  
1986 01 15 15 00   756.7   -16.7    15.0   168                                  
1986 01 15 18 00   755.4   -17.1    16.0   188                                  
1986 01 15 21 00   754.1   -16.0    14.6   158                                  
1986 01 16 00 00   752.9   -15.6    18.9   157                                  
1986 01 16 03 00   752.9   -12.1     2.9     1                                  
1986 01 16 06 00   754.0   -13.6     9.2   161                                  
1986 01 16 09 00   754.7   -14.9    14.6   151                                  
1986 01 16 12 00   756.1   -12.6     3.3   156                                  
1986 01 16 15 00   756.7   -15.0    14.6   144                                  
1986 01 16 18 00   757.5   -16.2    12.1   150                                  
1986 01 16 21 00   757.9   -15.5    13.6   150                                  
1986 01 17 00 00   758.3   -15.4    16.6   153                                  
1986 01 17 03 00   758.3   -15.6    21.5   158                                  
1986 01 17 06 00   758.1   -16.1    17.5   167                                  
1986 01 17 09 00   757.3   -16.1    20.9   172                                  
1986 01 17 12 00   756.7   -17.2    18.5   177                                  
1986 01 17 15 00   755.3   -17.5    17.5   167                                  
1986 01 17 18 00   754.5   -16.9    15.6   165                                  
1986 01 17 21 00   754.0   -15.9    14.6   149                                  
1986 01 18 00 00   753.1   -16.1    18.5   167                                  
1986 01 18 03 00   751.9   -16.0    17.0   165                                  
1986 01 18 06 00   751.2   -15.1    14.6   160                                  
1986 01 18 09 00   751.4   -12.6     0.0     0                                  
1986 01 18 12 00   752.7   -16.0     0.4     0                                  
1986 01 18 15 00   752.6   -18.5     3.9   182                                  
1986 01 18 18 00   752.3   -18.5     9.2   164                                  
1986 01 18 21 00   752.3   -16.7     4.9   150                                  
1986 01 19 00 00   752.5   -14.5     0.0     0                                  
1986 01 19 03 00   752.0   -14.9     8.8   156                                  
1986 01 19 06 00   751.9   -14.4     9.2   160                                  
1986 01 19 09 00   752.1   -12.9     0.4     0                                  
1986 01 19 12 00   752.5   -14.1     1.0   160                                  
1986 01 19 15 00   752.7   -15.1     2.3   158                                  
1986 01 19 18 00   753.0   -12.1     0.0     0                                  
1986 01 19 21 00   753.5   -13.6     0.0     0                                  
1986 01 20 00 00   754.0   -12.1     0.0     0                                  
1986 01 20 03 00   754.0   -12.4     0.0     0                                  
1986 01 20 06 00   754.6   -14.5     0.4     0                                  
1986 01 20 09 00   754.8   -11.0     0.0     0                                  
1986 01 20 12 00   754.8   -16.9     9.2   151                                  
1986 01 20 15 00   754.9   -16.9     8.2   136                                  
1986 01 20 18 00   754.7   -17.1     6.2   163                                  
1986 01 20 21 00   754.9   -13.5     0.0     0                                  
1986 01 21 00 00   754.9   -15.9     6.2   163                                  
1986 01 21 03 00   754.7   -11.2     0.0     0                                  
1986 01 21 06 00   754.6   -12.4     0.0     0                                  
1986 01 21 09 00   754.7   -14.1     0.0     0                                  
1986 01 21 12 00   754.8   -16.0    11.7   158                                  
1986 01 21 15 00   754.9   -17.2     5.8   158                                  
1986 01 21 18 00   754.5   -19.0    11.1   191                                  
1986 01 21 21 00   754.0   -17.5    10.7   157                                  
1986 01 22 00 00   753.5   -17.6    13.6   154                                  
1986 01 22 03 00   753.5   -13.0     0.0     0                                  
1986 01 22 06 00   753.1   -11.4     0.0     0                                  
1986 01 22 09 00   752.7   -14.7     1.0   167                                  
1986 01 22 12 00   752.4   -14.1     0.0     0                                  
1986 01 22 15 00   752.2   -20.1     3.9   167                                  
1986 01 22 18 00   752.3   -18.5     2.3   170                                  
1986 01 22 21 00   752.1   -17.9     8.2   154                                  
1986 01 23 00 00   752.5   -17.4     4.9   172                                  
1986 01 23 03 00   752.3   -15.0     0.0     0                                  
1986 01 23 06 00   752.4   -13.9     0.0     0                                  
1986 01 23 09 00   752.4   -15.5     0.0     0                                  
1986 01 23 12 00   753.0   -18.0     8.2   147                                  
1986 01 23 15 00   753.4   -18.0     6.2   170                                  
1986 01 23 18 00   753.4   -17.4     6.2   167                                  
1986 01 23 21 00   753.7   -19.5    13.1   151                                  
1986 01 24 00 00   753.7   -19.7    17.9   158                                  
1986 01 24 03 00   753.6   -19.9    14.6   150                                  
1986 01 24 06 00   753.4   -19.5    11.7   161                                  
1986 01 24 09 00   752.9   -19.9    17.9   154                                  
1986 01 24 12 00   753.1   -20.9    11.1   153                                  
1986 01 24 15 00   752.6   -20.7    15.0   170                                  
1986 01 24 18 00   752.3   -21.0    15.0   161                                  
1986 01 24 21 00   751.5   -21.2    15.0   151                                  
1986 01 25 03 00   750.5   -18.2    16.6   150                                  
1986 01 25 06 00   750.1   -17.9    16.6   150                                  
1986 01 25 09 00   749.5   -18.2    14.6   161                                  
1986 01 25 12 00   749.1   -19.5    15.0   158                                  
1986 01 25 15 00   748.6   -18.4    12.1   153                                  
1986 01 25 18 00   748.8   -17.9    10.1   122                                  
1986 01 25 21 00   749.1   -19.0    11.1   154                                  
1986 01 26 00 00   749.2   -17.7     9.2   167                                  
1986 01 26 03 00   748.9   -15.6     2.9   127                                  
1986 01 26 06 00   749.1   -15.6     6.8   143                                  
1986 01 26 09 00   749.1   -16.6     6.2   156                                  
1986 01 26 12 00   749.8   -18.5     5.8   196                                  
1986 01 26 15 00   749.4   -19.6    10.1   161                                  
1986 01 26 18 00   749.1   -17.4    13.1   147                                  
1986 01 26 21 00   748.8   -15.6     7.8   151                                  
1986 01 27 00 00   749.1   -12.5     0.0     0                                  
1986 01 27 03 00   748.8   -10.1     0.0     0                                  
1986 01 27 06 00   748.6   -13.6     1.0   201                                  
1986 01 27 09 00   748.5   -15.7     3.3   170                                  
1986 01 27 12 00   748.5   -14.2     0.0     0                                  
1986 01 27 15 00   748.0   -16.5     0.0     0                                  
1986 01 27 18 00   748.3   -20.1     1.4   225                                  
1986 01 27 21 00   749.0   -16.7     2.0   253                                  
1986 01 28 00 00   749.2   -14.9     0.4     0                                  
1986 01 28 03 00   748.9   -15.0     2.3   289                                  
1986 01 28 06 00   749.2   -14.5     3.9   293                                  
1986 01 28 09 00   749.7   -17.2     3.3   281                                  
1986 01 28 12 00   750.2   -16.2     0.0     0                                  
1986 01 28 15 00   750.5   -17.2     1.4   260                                  
1986 01 28 18 00   750.6   -14.7     0.0     0                                  
1986 01 28 21 00   750.2   -17.6    10.1   219                                  
1986 01 29 00 00   750.0   -14.9     0.0     0                                  
1986 01 29 03 00   750.0   -12.0     0.0     0                                  
1986 01 29 06 00   750.2   -14.5     1.4   172                                  
1986 01 29 09 00   750.6   -16.2     3.9   230                                  
1986 01 29 12 00   750.7   -16.9     3.9   244                                  
1986 01 29 15 00   750.7   -18.5     2.9   223                                  
1986 01 29 18 00   750.7   -20.6     4.3   282                                  
1986 01 29 21 00   751.1   -18.5     1.0   282                                  
1986 01 30 00 00   751.0   -15.5     2.3   271                                  
1986 01 30 03 00   750.2   -15.4     2.9   236                                  
1986 01 30 06 00   750.1   -14.5     2.9   236                                  
1986 01 30 09 00   749.8   -15.9     5.8   164                                  
1986 01 30 12 00   749.9   -19.0    12.7   178                                  
1986 01 30 15 00   749.4   -19.5     9.8   189                                  
1986 01 30 18 00   749.3   -19.1     7.8   198                                  
1986 01 30 21 00   749.5   -18.2     0.4     0                                  
1986 01 31 00 00   749.7   -13.6     0.0     0                                  
1986 01 31 03 00   749.7   -17.2     0.0     0                                  
1986 01 31 06 00   750.0   -15.4     2.9   208                                  
1986 01 31 09 00   750.2   -16.7     2.3   222                                  
1986 01 31 12 00   750.3   -20.7     5.3   227                                  
1986 01 31 15 00   750.4   -21.6     4.3   220                                  
1986 01 31 18 00   750.5   -21.9     6.8   229                                  
1986 01 31 21 00   750.6   -21.2     4.3   239                                  
1986 02 01 00 00   750.6   -20.2     4.9   239                                  
1986 02 01 03 00   750.4   -18.9     5.8   234                                  
1986 02 01 06 00   750.4   -19.5     3.3   261                                  
1986 02 01 09 00   750.3   -19.5     4.9   240                                  
1986 02 01 12 00   750.1   -20.7     2.3   244                                  
1986 02 01 15 00   750.1   -20.4     0.0     0                                  
1986 02 01 18 00   750.1   -22.2     5.3   229                                  
1986 02 01 21 00   750.4   -20.1     1.0   210                                  
1986 02 02 00 00   750.4   -19.9     7.2   187                                  
1986 02 02 03 00   750.3   -19.6     8.8   225                                  
1986 02 02 06 00   750.3   -19.7     6.8   255                                  
1986 02 02 09 00   749.9   -20.7     5.3   271                                  
1986 02 02 12 00   749.4   -23.2     5.8   261                                  
1986 02 02 15 00   749.1   -23.6     4.3   265                                  
1986 02 02 18 00   749.1   -23.4     3.3   265                                  
1986 02 02 21 00   749.0   -22.6     3.3   262                                  
1986 02 03 00 00   749.0   -20.4     4.9   236                                  
1986 02 03 03 00   748.4   -18.6     5.3   229                                  
1986 02 03 06 00   748.4   -16.7     4.3   225                                  
1986 02 03 09 00   748.4   -19.2     6.8   236                                  
1986 02 03 12 00   748.8   -21.6     4.3   279                                  
1986 02 03 15 00   749.6   -20.7     2.3   274                                  
1986 02 03 18 00   750.3   -20.2     3.3   274                                  
1986 02 03 21 00   751.1   -20.1     4.9   284                                  
1986 02 04 00 00   751.6   -17.7     3.9   251                                  
1986 02 04 03 00   751.7   -17.7     4.9   234                                  
1986 02 04 06 00   751.7   -18.9     7.2   240                                  
1986 02 04 09 00   751.9   -19.6     9.8   237                                  
1986 02 04 12 00   751.9   -21.2     6.8   237                                  
1986 02 04 15 00   751.9   -21.9     7.8   174                                  
1986 02 04 18 00   752.4   -21.4     7.8   226                                  
1986 02 04 21 00   752.9   -21.0     9.8   213                                  
1986 02 05 00 00   753.0   -20.7     9.2   234                                  
1986 02 05 03 00   752.8   -19.9     7.8   225                                  
1986 02 05 06 00   752.7   -20.2     8.8   232                                  
1986 02 05 09 00   753.0   -17.9     0.0     0                                  
1986 02 05 12 00   753.0   -19.2     1.4   260                                  
1986 02 05 15 00   752.9   -19.2     1.4   288                                  
1986 02 05 18 00   753.2   -17.9     0.0     0                                  
1986 02 05 21 00   753.2   -17.9     2.3   257                                  
1986 02 06 00 00   753.2   -16.6     5.3   187                                  
1986 02 06 03 00   753.0   -16.1     2.3   170                                  
1986 02 06 06 00   753.3   -19.2    11.7   178                                  
1986 02 06 09 00   752.9   -21.4    10.7   223                                  
1986 02 06 12 00   752.5   -21.4     4.3   188                                  
1986 02 06 15 00   752.3   -22.1    11.1   154                                  
1986 02 06 18 00   752.4   -21.2     6.2   161                                  
1986 02 06 21 00   752.6   -19.7     7.2   153                                  
1986 02 07 00 00   753.1   -20.1    10.1   156                                  
1986 02 07 03 00   753.3   -19.9    17.5   140                                  
1986 02 07 06 00   754.0   -19.9    16.0   147                                  
1986 02 07 09 00   754.9   -21.0    18.9   147                                  
1986 02 07 12 00   755.8   -22.7    17.5   153                                  
1986 02 07 15 00   756.8   -24.4    20.9   165                                  
1986 02 07 18 00   757.5   -24.9    19.9   177                                  
1986 02 07 21 00   758.0   -24.5    27.7   175                                  
1986 02 08 00 00   758.2   -23.9    25.7   170                                  
1986 02 08 03 00   758.2   -23.4    19.5   168                                  
1986 02 08 06 00   758.5   -23.2    24.2   167                                  
1986 02 08 09 00   759.5   -23.9    24.2   178                                  
1986 02 08 12 00   759.7   -24.7    19.5   175                                  
1986 02 08 15 00   759.2   -24.9    26.1   175                                  
1986 02 08 18 00   759.3   -25.0    23.4   174                                  
1986 02 08 21 00   760.0   -23.7    17.5   174                                  
1986 02 09 00 00   760.0   -22.2    24.2   150                                  
1986 02 09 03 00   761.4   -22.5    24.2   171                                  
1986 02 09 06 00   762.2   -22.7    25.7   167                                  
1986 02 09 09 00   762.9   -23.4    23.4   167                                  
1986 02 09 12 00   763.5   -23.9    25.2   165                                  
1986 02 09 15 00   764.0   -24.4    25.2   172                                  
1986 02 09 18 00   764.0   -23.9    23.4   167                                  
1986 02 09 21 00   764.0   -23.5    21.5   181                                  
1986 02 10 00 00   763.8   -23.2    17.0   199                                  
1986 02 10 03 00   762.9   -22.4    17.5   188                                  
1986 02 10 06 00   762.0   -22.7    15.0   188                                  
1986 02 10 09 00   761.0   -23.7    15.6   192                                  
1986 02 10 12 00   760.1   -24.4    19.5   184                                  
1986 02 10 15 00   758.7   -23.2    24.8   160                                  
1986 02 10 18 00   758.7   -21.6    20.9   154                                  
1986 02 10 21 00   758.6   -22.0    18.9   163                                  
1986 02 11 00 00   758.8   -21.4    23.8   170                                  
1986 02 11 03 00   758.7   -20.7    19.9   167                                  
1986 02 11 06 00   758.9   -20.6    23.4   167                                  
1986 02 11 09 00   759.9   -20.4    23.4   156                                  
1986 02 11 12 00   761.3   -23.2    28.1   184                                  
1986 02 11 15 00   761.1   -25.6    27.1   182                                  
1986 02 11 18 00   761.0   -25.7    25.7   181                                  
1986 02 11 21 00   760.2   -25.0    27.7   184                                  
1986 02 12 00 00   760.8   -23.9    17.5   187                                  
1986 02 12 03 00   760.1   -22.7    19.9   178                                  
1986 02 12 06 00   759.9   -23.1    21.5   187                                  
1986 02 12 09 00   759.4   -24.5    17.0   184                                  
1986 02 12 12 00   758.8   -26.4    20.5   189                                  
1986 02 12 15 00   757.9   -27.1    18.9   192                                  
1986 02 12 18 00   757.0   -26.6    21.5   201                                  
1986 02 12 21 00   755.7   -25.9    22.4   167                                  
1986 02 13 00 00   755.9   -23.4     2.9    16                                  
1986 02 13 03 00   757.3   -23.1     8.2   185                                  
1986 02 13 06 00   757.9   -23.4    16.6   150                                  
1986 02 13 09 00   757.6   -23.7    13.1   163                                  
1986 02 13 12 00   757.3   -23.9    13.1   160                                  
1986 02 13 15 00   757.0   -24.2    17.9   158                                  
1986 02 13 18 00   756.7   -23.4    19.9   160                                  
1986 02 13 21 00   756.9   -23.2    20.9   156                                  
1986 02 14 00 00   756.9   -22.6    20.9   178                                  
1986 02 14 03 00   756.6   -20.7     4.9   171                                  
1986 02 14 06 00   756.4   -21.6    10.7   185                                  
1986 02 14 09 00   756.0   -23.7    24.2   178                                  
1986 02 14 12 00   755.5   -24.6    28.7   174                                  
1986 02 14 15 00   755.3   -24.0    20.5   163                                  
1986 02 14 18 00   754.9   -23.7    26.1   147                                  
1986 02 14 21 00   755.3   -21.9    25.7   165                                  
1986 02 15 00 00   754.9   -21.4    28.7   164                                  
1986 02 15 03 00   755.6   -20.6    21.5   161                                  
1986 02 15 06 00   756.8   -21.5    22.8   161                                  
1986 02 15 09 00   757.7   -22.2    24.2   171                                  
1986 02 15 12 00   757.8   -22.9    19.5   174                                  
1986 02 15 15 00   758.1   -24.5    19.5   142                                  
1986 02 15 18 00   757.8   -24.5    17.5   158                                  
1986 02 15 21 00   758.1   -23.4    13.6   146                                  
1986 02 16 00 00   759.5   -21.4     0.0     0                                  
1986 02 16 03 00   761.1   -21.6     0.0     0                                  
1986 02 16 06 00   762.0   -22.0     4.9   178                                  
1986 02 16 09 00   762.3   -22.0    13.1   153                                  
1986 02 16 12 00   762.9   -23.4     6.2   192                                  
1986 02 16 15 00   763.3   -23.9     5.3   178                                  
1986 02 16 18 00   764.0   -23.7     6.8   161                                  
1986 02 16 21 00   764.4   -20.7    11.7   165                                  
1986 02 17 00 00   764.9   -19.1     5.3   189                                  
1986 02 17 03 00   765.3   -18.5     5.8   165                                  
1986 02 17 06 00   765.4   -19.1    14.6   178                                  
1986 02 17 09 00   765.3   -20.4    22.4   192                                  
1986 02 17 12 00   765.5   -22.9    21.8   180                                  
1986 02 17 15 00   764.9   -22.5    26.7   188                                  
1986 02 17 18 00   764.2   -25.1    27.1   198                                  
1986 02 17 21 00   763.3   -23.9    27.1   187                                  
1986 02 18 00 00   761.5   -22.0    27.7   185                                  
1986 02 18 03 00   760.9   -22.6    14.0   199                                  
1986 02 18 06 00   758.2   -22.6    23.8   198                                  
1986 02 18 09 00   757.0   -24.7    15.0   205                                  
1986 02 18 12 00   754.8   -26.1    20.9   205                                  
1986 02 18 15 00   752.1   -25.5    20.9   202                                  
1986 02 18 18 00   751.5   -24.1    18.9   184                                  
1986 02 18 21 00   752.1   -24.5    19.5   177                                  
1986 02 19 00 00   753.0   -23.5    22.4   171                                  
1986 02 19 03 00   753.2   -23.6    14.0   156                                  
1986 02 19 06 00   753.9   -23.5     9.8   153                                  
1986 02 19 09 00   755.3   -23.7     3.3   160                                  
1986 02 19 12 00   756.9   -26.6     4.9   178                                  
1986 02 19 15 00   757.6   -28.0     4.3   241                                  
1986 02 19 18 00   758.2   -28.1     3.3   180                                  
1986 02 19 21 00   758.7   -27.2     2.3   234                                  
1986 02 20 00 00   759.7   -24.9     0.0     0                                  
1986 02 20 03 00   760.1   -23.9     2.0   234                                  
1986 02 20 06 00   760.7   -23.6     5.8   172                                  
1986 02 20 09 00   761.3   -23.4    10.7   146                                  
1986 02 20 12 00   761.7   -25.2    12.1   160                                  
1986 02 20 15 00   762.0   -26.0    13.1   139                                  
1986 02 20 18 00   761.5   -25.6    17.0   158                                  
1986 02 20 21 00   761.8   -24.2    17.0   163                                  
1986 02 21 00 00   761.6   -23.4    17.9   164                                  
1986 02 21 03 00   762.1   -21.9    11.1   167                                  
1986 02 21 06 00   762.5   -20.2    13.6   142                                  
1986 02 21 09 00   763.5   -22.4    11.7   158                                  
1986 02 21 12 00   764.5   -23.9    11.1   158                                  
1986 02 21 15 00   765.1   -24.4     9.8   153                                  
1986 02 21 18 00   765.4   -23.7    11.1   153                                  
1986 02 21 21 00   765.8   -23.4    17.9   143                                  
1986 02 22 00 00   766.3   -23.4    24.2   168                                  
1986 02 22 03 00   765.7   -23.5    18.5   174                                  
1986 02 22 06 00   764.7   -23.9    18.5   188                                  
1986 02 22 09 00   764.6   -25.9    15.0   178                                  
1986 02 22 12 00   763.5   -26.9    17.5   187                                  
1986 02 22 15 00   762.3   -27.4    19.9   158                                  
1986 02 22 18 00   760.6   -26.0    24.2   150                                  
1986 02 22 21 00   760.4   -24.0    16.0   164                                  
1986 02 23 00 00   759.6   -22.5    13.6   178                                  
1986 02 23 03 00   758.7   -21.5    17.5   161                                  
1986 02 23 06 00   758.0   -22.0    20.5   160                                  
1986 02 23 09 00   758.4   -21.6     6.2   178                                  
1986 02 23 12 00   758.4   -22.5    19.9   144                                  
1986 02 23 15 00   758.7   -19.2    14.6   172                                  
1986 02 23 18 00   758.8   -18.9    21.8   154                                  
1986 02 23 21 00   758.5   -17.7    20.9   126                                  
1986 02 24 00 00   759.7   -17.6    19.9   156                                  
1986 02 24 03 00   760.0   -15.9     5.3   144                                  
1986 02 24 06 00   759.7   -16.7    29.1   165                                  
1986 02 24 09 00   760.9   -16.0    20.9   157                                  
1986 02 24 12 00   761.5   -18.0    25.2   144                                  
1986 02 24 15 00   762.4   -18.5    29.6   140                                  
1986 02 24 18 00   763.5   -17.5    31.6   139                                  
1986 02 24 21 00   764.0   -17.4    25.7   147                                  
1986 02 25 00 00   764.8   -16.2    25.2   140                                  
1986 02 25 03 00   764.9   -18.0    25.7   153                                  
1986 02 25 06 00   765.3   -17.2    23.8   151                                  
1986 02 25 09 00   766.1   -17.7    24.8   143                                  
1986 02 25 12 00   766.3   -18.8    27.7   149                                  
1986 02 25 15 00   766.5   -19.9    30.6   175                                  
1986 02 25 18 00   766.6   -21.6    28.1   178                                  
1986 02 25 21 00   765.6   -20.2    29.6   175                                  
1986 02 26 00 00   765.6   -21.4    25.2   175                                  
1986 02 26 03 00   765.5   -21.4    18.9   161                                  
1986 02 26 06 00   764.7   -21.6    18.9   163                                  
1986 02 26 09 00   764.2   -23.2    22.8   175                                  
1986 02 26 12 00   763.0   -23.7    27.7   192                                  
1986 02 26 15 00   761.8   -24.6    23.4   181                                  
1986 02 26 18 00   760.1   -26.7    16.6   185                                  
1986 02 26 21 00   758.1   -24.0    19.9   113                                  
1986 02 27 00 00   758.4   -22.9     8.8   149                                  
1986 02 27 03 00   759.2   -23.1     4.3   185                                  
1986 02 27 06 00   760.4   -24.0     4.3   189                                  
1986 02 27 09 00   761.3   -24.2     7.8   172                                  
1986 02 27 12 00   761.8   -25.6    10.1   226                                  
1986 02 27 15 00   761.9   -28.7    12.7   229                                  
1986 02 27 18 00   762.0   -27.5     9.8   161                                  
1986 02 27 21 00   762.1   -26.4     4.3   161                                  
1986 02 28 00 00   762.4   -25.9     6.2   227                                  
1986 02 28 03 00   762.1   -24.9     5.3   175                                  
1986 02 28 06 00   762.8   -26.4     6.8   241                                  
1986 02 28 09 00   763.4   -28.2     4.9   254                                  
1986 02 28 12 00   763.5   -30.4     6.2   264                                  
1986 02 28 15 00   763.4   -30.6     6.8   265                                  
1986 02 28 18 00   762.8   -28.2     7.2   243                                  
1986 02 28 21 00   761.3   -25.2    13.1   199                                  
1986 03 01 00 00   759.7   -24.5    15.0   196                                  
1986 03 01 03 00   757.4   -25.5    11.1   220                                  
1986 03 01 06 00   756.9   -24.2     4.3   158                                  
1986 03 01 09 00   756.1   -25.5     5.3   229                                  
1986 03 01 12 00   755.0   -25.5     8.8   168                                  
1986 03 01 15 00   754.1   -25.9     8.8   156                                  
1986 03 01 18 00   753.3   -25.1    17.5   142                                  
1986 03 01 21 00   753.1   -22.4    15.6   154                                  
1986 03 02 00 00   753.8   -21.9    18.9   149                                  
1986 03 02 03 00   753.6   -22.9    23.4   149                                  
1986 03 02 06 00   753.7   -23.6    18.5   151                                  
1986 03 02 09 00   754.2   -23.6    19.5   150                                  
1986 03 02 12 00   754.2   -24.6    20.5   167                                  
1986 03 02 15 00   754.5   -23.4    16.0   156                                  
1986 03 02 18 00   756.2   -24.0     6.8   163                                  
1986 03 02 21 00   757.7   -22.7     1.4   223                                  
1986 03 03 00 00   759.2   -20.9     9.8   164                                  
1986 03 03 03 00   759.9   -22.0     5.8   178                                  
1986 03 03 06 00   760.5   -23.9    10.1   171                                  
1986 03 03 09 00   760.9   -26.0     9.2   229                                  
1986 03 03 12 00   760.6   -28.0     6.8   243                                  
1986 03 03 15 00   759.7   -27.0     3.9   226                                  
1986 03 03 18 00   758.5   -26.7     8.8   161                                  
1986 03 03 21 00   757.4   -25.0     8.2   191                                  
1986 03 04 00 00   755.9   -24.9     5.3   157                                  
1986 03 04 03 00   754.1   -24.9    18.5   196                                  
1986 03 04 06 00   753.0   -26.4    15.0   206                                  
1986 03 04 09 00   751.8   -26.9    13.6   208                                  
1986 03 04 12 00   751.4   -29.7    11.1   212                                  
1986 03 04 15 00   751.2   -32.9     8.2   272                                  
1986 03 04 18 00   751.9   -34.5     5.8   282                                  
1986 03 04 21 00   752.8   -33.7     5.3   279                                  
1986 03 05 00 00   753.6   -30.5     7.8   277                                  
1986 03 05 03 00   754.6   -29.6     5.8   268                                  
1986 03 05 06 00   756.1   -25.6     2.3   201                                  
1986 03 05 09 00   757.4   -24.6     0.0     0                                  
1986 03 05 12 00   758.3   -24.6     0.0     0                                  
1986 03 05 15 00   758.9   -26.4     0.4     0                                  
1986 03 05 18 00   759.5   -31.1     0.0     0                                  
1986 03 05 21 00   760.2   -29.6     2.3   258                                  
1986 03 06 00 00   760.1   -31.6     6.2   241                                  
1986 03 06 03 00   759.7   -32.9     6.2   255                                  
1986 03 06 06 00   759.8   -33.9     7.8   241                                  
1986 03 06 09 00   759.9   -33.9     6.8   226                                  
1986 03 06 12 00   760.2   -35.6    13.6   223                                  
1986 03 06 15 00   760.9   -37.4     8.2   185                                  
1986 03 06 18 00   760.8   -37.6    11.1   216                                  
1986 03 06 21 00   760.9   -38.7    14.0   215                                  
1986 03 07 00 00   760.7   -39.9    18.5   223                                  
1986 03 07 03 00   759.7   -40.0    18.5   223                                  
1986 03 07 06 00   759.6   -39.2    15.0   225                                  
1986 03 07 09 00   758.9   -39.7    13.6   232                                  
1986 03 07 12 00   758.8   -39.5     8.8   233                                  
1986 03 07 15 00   758.5   -40.1     6.2   257                                  
1986 03 07 18 00   758.4   -39.7     4.9   265                                  
1986 03 07 21 00   757.9   -37.4     6.8   264                                  
1986 03 08 00 00   757.6   -36.2     7.2   237                                  
1986 03 08 03 00   756.5   -35.6     8.2   234                                  
1986 03 08 06 00   755.6   -35.6     8.8   230                                  
1986 03 08 09 00   754.4   -36.5    13.1   226                                  
1986 03 08 12 00   753.5   -37.6    12.7   220                                  
1986 03 08 15 00   752.3   -36.9    11.1   212                                  
1986 03 08 18 00   751.5   -34.6     9.8   213                                  
1986 03 08 21 00   750.9   -34.4     7.8   161                                  
1986 03 09 00 00   750.5   -32.9     5.3   154                                  
1986 03 09 03 00   749.8   -31.5    10.7   153                                  
1986 03 09 06 00   749.5   -32.0     5.3   167                                  
1986 03 09 09 00   749.6   -32.1     5.3   156                                  
1986 03 09 12 00   750.0   -31.4     5.3   163                                  
1986 03 09 15 00   749.9   -31.4    12.7   163                                  
1986 03 09 18 00   749.5   -30.6    12.7   160                                  
1986 03 09 21 00   749.4   -30.9    20.9   168                                  
1986 03 10 00 00   748.0   -31.4    24.2   147                                  
1986 03 10 03 00   747.3   -29.9    17.5   142                                  
1986 03 10 06 00   746.5   -30.5    21.8   156                                  
1986 03 10 09 00   746.0   -30.7    21.5   153                                  
1986 03 10 12 00   745.9   -31.5    14.6   147                                  
1986 03 10 15 00   745.8   -32.6    12.1   151                                  
1986 03 10 18 00   746.5   -33.1     8.2   160                                  
1986 03 10 21 00   746.9   -33.5     9.8   167                                  
1986 03 11 00 00   747.9   -33.0     3.9   171                                  
1986 03 11 03 00   749.6   -34.7     0.0     0                                  
1986 03 11 06 00   750.7   -37.1     5.3   220                                  
1986 03 11 09 00   751.7   -39.9     9.2   227                                  
1986 03 11 12 00   752.4   -41.4    10.1   233                                  
1986 03 11 15 00   752.5   -42.1     7.8   234                                  
1986 03 11 18 00   752.2   -41.7    13.1   222                                  
1986 03 11 21 00   751.9   -40.5    14.6   230                                  
1986 03 12 00 00   751.9   -39.5    11.7   223                                  
1986 03 12 03 00   751.7   -39.5     9.8   225                                  
1986 03 12 06 00   751.5   -41.2    11.1   233                                  
1986 03 12 09 00   751.7   -44.1     4.9   277                                  
1986 03 12 12 00   751.7   -45.7     7.8   288                                  
1986 03 12 15 00   751.8   -46.0     9.8   278                                  
1986 03 12 18 00   752.4   -44.0     3.3   261                                  
1986 03 12 21 00   753.2   -44.5     5.8   278                                  
1986 03 13 00 00   753.9   -40.4     3.3   251                                  
1986 03 13 03 00   753.6   -39.2     6.2   232                                  
1986 03 13 06 00   753.2   -39.9     6.8   223                                  
1986 03 13 09 00   753.5   -39.2     8.2   219                                  
1986 03 13 12 00   753.2   -41.0     6.8   225                                  
1986 03 13 15 00   753.2   -40.4     8.8   215                                  
1986 03 13 18 00   753.1   -40.0    11.7   201                                  
1986 03 13 21 00   753.7   -39.7    10.7   215                                  
1986 03 16 03 00   762.6   -33.9     7.2   177                                  
1986 03 16 06 00   762.4   -35.0     6.8   167                                  
1986 03 16 09 00   761.4   -34.1     8.8   146                                  
1986 03 16 12 00   760.4   -34.2     6.8   164                                  
1986 03 16 15 00   759.8   -35.1     6.2   165                                  
1986 03 16 18 00   759.0   -34.6    15.0   146                                  
1986 03 16 21 00   759.1   -33.4    10.1   153                                  
1986 03 17 00 00   758.8   -32.7     6.8   142                                  
1986 03 17 03 00   758.1   -29.2     5.3   180                                  
1986 03 17 06 00   757.4   -27.6     3.3   161                                  
1986 03 17 09 00   758.1   -26.6     0.0     0                                  
1986 03 17 12 00   758.9   -27.5     2.3   226                                  
1986 03 17 15 00   759.1   -26.7     2.9   172                                  
1986 03 17 18 00   760.0   -27.9     7.2   171                                  
1986 03 17 21 00   761.0   -27.0     1.0   161                                  
1986 03 18 00 00   762.0   -25.6     5.8   236                                  
1986 03 18 03 00   763.2   -30.2     6.8   262                                  
1986 03 18 06 00   763.6   -28.7     7.2   258                                  
1986 03 18 09 00   763.2   -29.9     4.3   237                                  
1986 03 18 12 00   763.1   -26.4     3.9   196                                  
1986 03 18 15 00   762.8   -28.1     4.9   170                                  
1986 03 18 18 00   762.8   -28.1     5.8   223                                  
1986 03 18 21 00   762.5   -27.9     3.9   268                                  
1986 03 19 00 00   761.7   -27.5     1.4   217                                  
1986 03 19 03 00   760.5   -26.4     2.3   219                                  
1986 03 19 06 00   759.3   -25.6     7.8   243                                  
1986 03 19 09 00   758.3   -26.9     5.8   223                                  
1986 03 19 12 00   757.2   -27.6     5.8   216                                  
1986 03 19 15 00   755.8   -29.4     5.3   233                                  
1986 03 19 18 00   754.7   -29.9     5.8   241                                  
1986 03 19 21 00   753.7   -31.1     5.8   248                                  
1986 03 20 00 00   752.9   -30.0     8.2   225                                  
1986 03 20 03 00   752.3   -29.4     9.2   232                                  
1986 03 20 06 00   751.9   -31.7     7.8   229                                  
1986 03 20 09 00   751.8   -33.9     9.2   229                                  
1986 03 20 12 00   751.7   -34.7     7.8   229                                  
1986 03 20 15 00   752.0   -35.6     5.3   258                                  
1986 03 20 18 00   752.3   -38.6     4.3   272                                  
1986 03 20 21 00   752.9   -37.6     5.3   268                                  
1986 03 21 00 00   753.8   -36.7     4.3   267                                  
1986 03 21 03 00   754.2   -36.4     0.0     0                                  
1986 03 21 06 00   754.4   -36.7     5.3   265                                  
1986 03 21 09 00   754.7   -36.5     6.2   262                                  
1986 03 21 12 00   754.4   -37.1     8.8   239                                  
1986 03 21 15 00   754.3   -37.0     8.2   247                                  
1986 03 21 18 00   753.8   -36.9     9.8   241                                  
1986 03 21 21 00   753.2   -36.9     9.2   234                                  
1986 03 22 00 00   752.5   -35.1     9.8   227                                  
1986 03 22 03 00   751.5   -35.2     7.2   241                                  
1986 03 22 06 00   750.5   -36.4     7.2   230                                  
1986 03 22 09 00   749.6   -34.1     4.9   247                                  
1986 03 22 12 00   748.3   -34.4     5.3   237                                  
1986 03 22 15 00   747.1   -34.1     6.2   237                                  
1986 03 22 18 00   745.6   -35.6     6.8   239                                  
1986 03 22 21 00   744.8   -38.0     3.9   250                                  
1986 03 23 00 00   743.9   -39.2     5.8   274                                  
1986 03 23 03 00   742.7   -39.1     5.3   255                                  
1986 03 23 06 00   741.8   -38.2     5.3   240                                  
1986 03 23 09 00   741.2   -39.2     6.8   234                                  
1986 03 23 12 00   741.0   -40.4     6.2   262                                  
1986 03 23 15 00   740.5   -39.9     6.2   254                                  
1986 03 23 18 00   740.2   -40.5     5.3   254                                  
1986 03 23 21 00   740.3   -41.0     6.8   241                                  
1986 03 24 00 00   740.8   -41.2     5.8   260                                  
1986 03 24 03 00   741.1   -43.1     4.9   275                                  
1986 03 24 06 00   741.3   -43.8     3.9   265                                  
1986 03 24 09 00   742.0   -42.5     5.3   261                                  
1986 03 24 12 00   743.0   -42.5     3.9   248                                  
1986 03 24 15 00   743.6   -44.2     4.3   271                                  
1986 03 24 18 00   744.8   -44.7     5.3   271                                  
1986 03 24 21 00   746.0   -46.6     5.8   277                                  
1986 03 25 00 00   747.4   -47.2     5.8   274                                  
1986 03 25 03 00   747.9   -47.0     5.8   268                                  
1986 03 25 06 00   748.3   -48.0     6.8   275                                  
1986 03 25 09 00   748.6   -48.6     4.9   270                                  
1986 03 25 12 00   748.3   -48.4     7.8   272                                  
1986 03 25 15 00   747.7   -48.2     8.2   268                                  
1986 03 25 18 00   747.1   -49.2     5.8   255                                  
1986 03 25 21 00   746.3   -48.1     8.8   253                                  
1986 03 26 00 00   745.5   -47.0     7.8   262                                  
1986 03 26 03 00   744.5   -46.6     6.8   254                                  
1986 03 26 06 00   743.3   -45.7     9.2   237                                  
1986 03 26 09 00   742.0   -44.7     9.8   247                                  
1986 03 26 12 00   741.2   -46.1     8.2   241                                  
1986 03 26 15 00   740.6   -44.6     9.8   236                                  
1986 03 26 18 00   740.2   -45.1    10.7   230                                  
1986 03 26 21 00   740.3   -46.5     9.8   232                                  
1986 03 27 00 00   740.5   -47.5     6.2   251                                  
1986 03 27 03 00   740.8   -48.0     7.2   267                                  
1986 03 27 06 00   740.7   -50.0     5.8   262                                  
1986 03 27 09 00   740.5   -49.5     8.2   258                                  
1986 03 27 12 00   740.8   -51.6     6.2   262                                  
1986 03 27 15 00   740.6   -51.6     7.2   265                                  
1986 03 27 18 00   740.1   -52.4     6.8   262                                  
1986 03 27 21 00   739.5   -52.5     6.2   262                                  
1986 03 28 00 00   739.1   -52.5     7.2   265                                  
1986 03 28 03 00   738.2   -52.2     8.2   229                                  
1986 03 28 06 00   737.7   -51.6    14.0   222                                  
1986 03 28 09 00   737.6   -51.2    14.6   223                                  
1986 03 28 12 00   737.4   -49.9    18.9   213                                  
1986 03 28 15 00   737.2   -49.2    22.8   209                                  
1986 03 28 18 00   736.9   -48.1    29.6   195                                  
1986 03 28 21 00   736.4   -49.0    28.7   201                                  
1986 03 29 00 00   736.4   -49.7    16.0   209                                  
1986 08 10 12 00   731.3   -43.8    22.4   205                                  
1986 08 10 15 00   730.4   -44.5    27.7   203                                  
1986 08 10 18 00   729.1   -44.5    20.5   205                                  
1986 08 10 21 00   729.1   -40.2    25.7   150                                  
1986 08 11 00 00   730.0   -39.4    25.2   149                                  
1986 08 11 03 00   732.8   -39.5    16.6   144                                  
1986 08 11 06 00   735.1   -38.6    14.6   132                                  
1986 08 11 09 00   736.9   -39.1    14.0   174                                  
1986 08 11 12 00   739.2   -37.5    30.6   167                                  
1986 08 11 15 00   739.2   -43.4    27.7   182                                  
1986 08 11 18 00   738.1   -45.2    27.1   192                                  
1986 08 11 21 00   738.4   -43.0    13.6   175                                  
1986 08 12 00 00   738.1   -46.1    15.6   191                                  
1986 08 12 03 00   736.6   -44.6    17.9   170                                  
1986 08 12 06 00   736.6   -42.9    25.2   168                                  
1986 08 12 09 00   738.0   -41.2    26.7   167                                  
1986 08 12 12 00   739.7   -41.2    32.0   180                                  
1986 08 12 15 00   741.8   -39.9    12.1   205                                  
1986 08 12 18 00   741.4   -37.6    33.9   174                                  
1986 08 12 21 00   744.3   -41.6    23.4   184                                  
1986 08 13 00 00   745.1   -44.2    16.6   171                                  
1986 08 13 03 00   744.4   -43.5    13.6   174                                  
1986 08 13 06 00   744.1   -42.5    16.0   292                                  
1986 08 13 09 00   742.9   -42.9    19.5   158                                  
1986 08 13 12 00   740.8   -42.6    27.1   161                                  
1986 08 13 15 00   738.7   -42.9    33.0   178                                  
1986 08 13 18 00   739.0   -41.5     0.0     0                                  
1986 08 13 21 00   735.7   -44.5    34.5   201                                  
1986 08 14 00 00   734.1   -47.7    31.0   196                                  
1986 08 14 03 00   730.5   -48.2    24.2   209                                  
1986 08 14 06 00   728.8   -47.7    15.0   232                                  
1986 08 14 09 00   728.9   -46.4    15.0   230                                  
1986 08 14 12 00   730.4   -47.5     9.8   217                                  
1986 08 14 15 00   731.9   -49.5     7.8   232                                  
1986 08 14 18 00   733.5   -48.0     4.9   237                                  
1986 08 14 21 00   734.8   -45.1     4.9   185                                  
1986 08 15 00 00   735.8   -44.5     2.3   181                                  
1986 08 15 03 00 -999      -45.1     7.2   149                                  
1986 08 15 06 00   737.1   -45.1     9.2   165                                  
1986 08 15 09 00   737.5   -45.5    31.0   165                                  
1986 08 15 12 00   738.4   -45.1    20.5   178                                  
1986 08 15 15 00   735.3   -43.2    26.7   177                                  
1986 08 15 18 00   734.8   -40.1    25.2   157                                  
1986 08 15 21 00   734.8   -40.9    33.0   153                                  
1986 08 16 00 00   734.0   -38.7    33.5   135                                  
1986 08 16 03 00   732.8   -35.5    22.4   133                                  
1986 08 16 06 00   732.3   -33.9    33.0   126                                  
1986 08 16 09 00   733.2   -37.4    20.9   194                                  
1986 08 16 12 00   733.4   -35.1    19.5   161                                  
1986 08 16 15 00   731.5   -33.2    38.4   160                                  
1986 08 16 18 00   730.4   -32.2    35.9   150                                  
1986 08 16 21 00   730.4   -30.2    40.8   133                                  
1986 08 17 00 00   732.3   -29.7    35.9   130                                  
1986 08 17 03 00   732.8   -28.7    25.7   149                                  
1986 08 17 06 00   733.1   -29.0    34.5   101                                  
1986 08 17 09 00   735.9   -29.9    43.7   112                                  
1986 08 17 12 00   739.9   -30.7    22.8   113                                  
1986 08 17 15 00   742.5   -29.7     9.8   105                                  
1986 08 17 18 00   743.3   -26.6    18.9   119                                  
1986 08 17 21 00   744.2   -26.4     2.9   320                                  
1986 08 18 00 00   745.7   -25.7    15.6   104                                  
1986 08 18 03 00   747.9   -27.6    18.9   174                                  
1986 08 18 06 00   749.7   -25.7    22.4   142                                  
1986 08 18 09 00   752.1   -27.9    20.5   129                                  
1986 08 18 12 00   753.3   -27.5    28.1   149                                  
1986 08 18 15 00   755.4   -28.0    29.6   142                                  
1986 08 18 18 00   756.2   -28.5    22.8   147                                  
1986 08 18 21 00   756.9   -30.2    13.6   150                                  
1986 08 19 00 00   757.7   -33.0    20.5   161                                  
1986 08 19 03 00   757.8   -32.9    12.7   146                                  
1986 08 19 06 00   757.4   -35.7     8.8   161                                  
1986 08 19 09 00   756.8   -36.1    10.1   167                                  
1986 08 19 12 00   755.7   -36.5     9.2   172                                  
1986 08 19 15 00   754.6   -36.9     6.2   163                                  
1986 08 19 18 00   753.3   -36.9     8.2   167                                  
1986 08 19 21 00   751.8   -37.6     8.8   223                                  
1986 08 20 00 00   750.2   -39.1    13.6   205                                  
1986 08 20 03 00   748.5   -40.5    13.1   223                                  
1986 08 20 06 00   747.3   -40.1    15.0   212                                  
1986 08 20 09 00   746.0   -42.4    18.5   216                                  
1986 08 20 12 00   745.3   -42.1    13.1   210                                  
1986 08 20 15 00   743.8   -42.5    23.4   208                                  
1986 08 20 18 00   742.9   -43.2    19.5   225                                  
1986 08 20 21 00   741.8   -44.2    19.5   216                                  
1986 08 21 00 00   740.6   -46.0    18.5   220                                  
1986 08 21 03 00   739.8   -47.0    18.5   226                                  
1986 08 21 06 00   739.1   -48.0    15.0   219                                  
1986 08 21 09 00   738.8   -50.0    12.1   226                                  
1986 08 21 12 00   738.7   -50.6    12.1   223                                  
1986 08 21 15 00   738.9   -50.9    12.1   226                                  
1986 08 21 18 00   739.4   -52.2     6.2   258                                  
1986 08 21 21 00   739.8   -51.4     9.8   220                                  
1986 08 22 00 00   740.1   -52.4     7.8   232                                  
1986 08 22 03 00   739.8   -52.5     7.2   236                                  
1986 08 22 06 00   739.1   -52.5     8.8   229                                  
1986 08 22 09 00   737.9   -52.4    15.0   225                                  
1986 08 22 12 00   737.7   -52.2    17.0   220                                  
1986 08 22 15 00   737.8   -50.7    19.9   225                                  
1986 08 22 18 00   739.7   -49.9     9.8   240                                  
1986 08 22 21 00   740.9   -50.0    20.5   222                                  
1986 08 25 00 00   733.3   -43.2    26.7   215                                  
1986 08 25 03 00   733.5   -43.9    26.1   185                                  
