D_17
Operated by US
latitude -66.73 longitude 139.70 height 438m
Data format is: Year, Month, Day, Hour (UTC), Minute, Pressure (hPa), Temperature (Deg C), Wind Speed (knots), Wind Direction (Degrees)
Null values are displayed as -999
Data supplied by the University of Wisconsin

1980 01 11 06 00   924.6     3.4     2.7   158                                  
1980 01 11 09 00   925.0     1.6     8.2   141                                  
1980 01 11 12 00   925.8    -1.8    15.2   180                                  
1980 01 11 15 00   925.6    -3.0    20.3   180                                  
1980 01 11 18 00   925.0    -4.9    25.7   155                                  
1980 01 11 21 00   925.1    -3.4    21.3   141                                  
1980 01 12 00 00 -999       -2.5    18.9   142                                  
1980 01 12 03 00 -999       -3.4    13.5   103                                  
1980 01 12 06 00 -999       -5.0    10.3   134                                  
1980 01 12 09 00 -999       -5.8    13.5   120                                  
1980 01 12 12 00 -999       -5.6    12.7   135                                  
1980 01 12 15 00   920.5    -4.9    19.9   141                                  
1980 01 12 18 00   919.8    -5.6    20.7   135                                  
1980 01 12 21 00   920.9    -5.9    20.7   139                                  
1980 01 13 00 00   921.1    -5.3    24.8   148                                  
1980 01 13 03 00   921.6    -5.0    17.9   101                                  
1980 01 13 06 00   921.7    -5.3    14.4   111                                  
1980 01 13 09 00   922.8    -5.1    13.1   115                                  
1980 01 13 12 00   923.3    -5.5    13.1   135                                  
1980 01 13 15 00   923.3    -7.8     9.0   114                                  
1980 01 13 18 00   922.6    -7.6    18.5   170                                  
1980 01 13 21 00   922.8    -6.9     9.0   152                                  
1980 01 14 00 00   921.9    -5.0    18.5   141                                  
1980 01 14 03 00   921.0    -4.0    18.5   141                                  
1980 01 14 06 00   919.6    -3.9    14.0   139                                  
1980 01 14 09 00   919.0    -5.1    14.4   139                                  
1980 01 14 12 00   917.8    -6.8    18.9   170                                  
1980 01 14 15 00   916.1   -10.3    19.9   180                                  
1980 01 14 18 00   916.2   -10.9    18.9   169                                  
1980 01 14 21 00   915.9    -9.3    17.5   159                                  
1980 01 15 00 00   915.1    -6.1    14.8   149                                  
1980 01 15 03 00   915.3    -4.5    14.0   141                                  
1980 01 15 06 00   915.6    -4.5     9.0   120                                  
1980 01 15 09 00   916.9    -5.5    12.1   124                                  
1980 01 15 12 00   918.8    -6.9     8.2   118                                  
1980 01 15 15 00   919.9    -7.4    10.3   141                                  
1980 01 15 18 00   921.2    -6.8     9.9   141                                  
1980 01 15 21 00   922.2    -6.1    12.7   145                                  
1980 01 16 00 00   922.2    -5.0    13.5   149                                  
1980 01 16 03 00   922.3    -3.8    14.0   149                                  
1980 01 16 06 00   922.2    -3.8    15.2   170                                  
1980 01 16 09 00   922.2    -4.3    11.7   153                                  
1980 01 16 12 00   921.5    -6.8    17.9   176                                  
1980 01 16 15 00   920.4    -8.1    19.9   180                                  
1980 01 16 18 00   920.7    -9.4    14.8   180                                  
1980 01 16 21 00   919.5    -8.9    20.7   180                                  
1980 01 17 00 00   920.1    -4.5    10.7   156                                  
1980 01 17 03 00   919.9    -3.4    11.3   141                                  
1980 01 17 06 00   918.4    -2.5    12.1   141                                  
1980 01 17 09 00   918.0    -2.8     5.5   141                                  
1980 01 17 12 00   917.4    -5.1     7.6   156                                  
1980 01 17 15 00   916.3    -7.3    15.2   167                                  
1980 01 17 18 00   915.4    -9.1    13.5   180                                  
1980 01 17 21 00   915.2    -7.0    11.3   180                                  
1980 01 18 00 00   915.0    -3.3     4.5   135                                  
1980 01 18 03 00   915.3    -1.6     5.5   141                                  
1980 01 18 06 00   915.7    -0.9     2.7   120                                  
1980 01 18 09 00   916.8    -1.8     3.1   180                                  
1980 01 18 12 00   917.7    -5.8     7.2   184                                  
1980 01 18 15 00   918.5    -8.1    11.3   186                                  
1980 01 18 18 00   919.8    -8.6     8.6   198                                  
1980 01 18 21 00   921.4    -6.1     5.5   180                                  
1980 01 19 00 00   922.4    -2.9     4.9   141                                  
1980 01 19 03 00   923.0    -2.4     4.9   122                                  
1980 01 19 06 00   923.0    -2.4     3.7   141                                  
1980 01 19 09 00   922.5    -1.5     0.4     0                                  
1980 01 19 12 00   921.7    -6.1     2.7   231                                  
1980 01 19 15 00   920.8    -6.6     5.8   201                                  
1980 01 19 18 00   918.9    -6.1     9.0   180                                  
1980 01 19 21 00   918.0    -4.6     7.2   134                                  
1980 01 20 00 00   916.9    -2.6     9.4   141                                  
1980 01 20 03 00   916.0    -2.8     7.2   138                                  
1980 01 20 06 00   915.3    -3.4     8.2   115                                  
1980 01 20 09 00   914.7    -3.3    10.7   141                                  
1980 01 20 12 00   914.4    -3.8    13.1   135                                  
1980 01 20 18 00   913.0    -3.3    19.9   141                                  
1980 01 20 21 00   913.1    -2.9    23.0   141                                  
1980 01 21 00 00   912.8    -2.9    23.4   149                                  
1980 01 21 06 00   912.5    -3.3    19.3   141                                  
1980 01 21 09 00   912.5    -2.8    17.5   148                                  
1980 01 21 12 00   912.5    -3.3    23.8   152                                  
1980 01 21 15 00   912.6    -3.3    20.3   141                                  
1980 01 21 18 00   913.1    -4.1    18.9   141                                  
1980 01 21 21 00   914.1    -4.1    18.9   141                                  
1980 01 22 00 00   915.1    -3.8    14.4   150                                  
1980 01 22 06 00   916.0    -1.5    12.1   141                                  
1980 01 22 09 00   916.9    -1.9    12.1   149                                  
1980 01 22 12 00   917.8    -2.9     5.5   117                                  
1980 01 22 15 00   918.2    -5.3    14.8   169                                  
1980 01 22 18 00   918.5    -6.1    15.2   180                                  
1980 01 22 21 00   919.8    -4.5    12.1   180                                  
1980 01 23 00 00   919.9    -2.0    10.3   141                                  
1980 01 23 09 00   921.3    -2.0     6.2   111                                  
1980 01 23 12 00   930.5    -2.8     8.6    90                                  
1980 01 23 15 00   921.6    -3.1     7.2   114                                  
1980 01 23 18 00   922.0    -3.5    10.3   145                                  
1980 01 23 21 00   922.0    -1.6    14.8   167                                  
1980 01 24 00 00   922.5    -1.5    16.6   141                                  
1980 01 24 06 00 -999       -0.9     5.5   141                                  
1980 01 24 09 00 -999       -0.5     9.4   141                                  
1980 01 24 12 00 -999       -2.9    14.8   180                                  
1980 01 24 15 00 -999       -4.1    12.7   161                                  
1980 01 24 18 00   926.5    -4.1    14.4   145                                  
1980 01 24 21 00   927.8    -3.8    10.7   139                                  
1980 01 25 00 00   928.8    -2.4    10.7   141                                  
1980 01 25 06 00   928.8    -0.1     4.1   141                                  
1980 01 25 09 00 -999       -1.1     5.5   122                                  
1980 01 25 12 00 -999       -2.8     9.9   141                                  
1980 01 25 15 00   928.4    -4.5    14.8   180                                  
1980 01 25 18 00   927.4    -3.8    15.2   141                                  
1980 01 25 21 00   927.3    -2.8    16.2   141                                  
1980 01 26 00 00   926.3    -2.9    25.7   148                                  
1980 01 26 06 00   924.6    -0.6    14.8   135                                  
1980 01 26 09 00   924.1    -1.6    12.7   131                                  
1980 01 26 12 00   923.4    -2.9    12.7   145                                  
1980 01 26 15 00   922.5    -3.4    19.9   145                                  
1980 01 26 21 00   922.9    -5.6    19.3   141                                  
1980 01 27 00 00   923.6    -4.9    17.9   156                                  
1980 01 27 06 00   924.2    -3.9     7.2   141                                  
1980 01 27 09 00   925.0    -3.8     6.2   141                                  
1980 01 27 12 00   925.7    -3.9    10.3   141                                  
1980 01 27 15 00   925.8    -5.3    12.1   148                                  
1980 01 27 18 00   925.9    -5.5    12.7   156                                  
1980 01 27 21 00   926.7    -4.6    12.1   170                                  
1980 01 28 00 00   927.5    -2.8    10.7   141                                  
1980 01 28 09 00   926.1     0.1     4.1   180                                  
1980 01 28 12 00   925.5    -2.3     6.8   180                                  
1980 01 28 15 00   923.8    -4.0    15.8   180                                  
1980 01 28 18 00   922.5    -5.5    23.0   181                                  
1980 01 28 21 00   920.8    -3.9    18.9   177                                  
1980 01 29 00 00   920.1    -1.9    17.2   180                                  
1980 01 29 06 00   915.4    -1.0    14.8   161                                  
1980 01 29 09 00   914.7    -1.9    16.6   149                                  
1980 01 29 12 00   914.1    -3.4    15.2   161                                  
1980 01 29 15 00   912.5    -6.1    17.5   170                                  
1980 01 29 18 00   911.4    -5.3    18.5   161                                  
1980 01 29 21 00   911.1    -5.6    16.2   163                                  
1980 01 30 00 00   910.8    -5.0    19.9   142                                  
1980 01 30 06 00   910.3    -3.3     5.5   141                                  
1980 01 30 09 00   910.2    -3.8     9.4   131                                  
1980 01 30 12 00   910.9    -5.6     7.2   141                                  
1980 01 30 15 00   910.7    -5.5    16.6   141                                  
1980 01 30 18 00   911.3    -5.8    14.4   141                                  
1980 01 30 21 00   911.8    -5.6    15.2   150                                  
1980 01 31 00 00   912.2    -5.6    15.8   156                                  
1980 01 31 03 00   912.6    -3.9    14.8   141                                  
1980 01 31 06 00   913.0    -3.3    16.2   141                                  
1980 01 31 09 00   913.8    -4.0    16.2   141                                  
1980 01 31 12 00   914.9    -4.6    19.9   141                                  
1980 01 31 15 00   915.7    -6.3    18.9   165                                  
1980 01 31 18 00   916.7    -6.5    20.7   180                                  
1980 01 31 21 00   917.3    -5.5    22.0   180                                  
1980 02 01 00 00   917.9    -2.3    19.9   161                                  
1980 02 01 03 00   917.9    -2.3    21.6   180                                  
1980 02 01 09 00   918.2    -2.5    22.4   162                                  
1980 02 01 12 00   918.0    -2.9    22.4   141                                  
1980 02 01 15 00   918.1    -3.9    17.2   141                                  
1980 02 01 18 00   917.7    -5.1    21.6   156                                  
1980 02 01 21 00   918.0    -5.9    22.0   180                                  
1980 02 02 00 00   917.3    -4.3    18.5   141                                  
1980 02 02 03 00   916.3    -2.3    15.2   141                                  
1980 02 02 06 00   915.1    -1.5    12.1   141                                  
1980 02 02 09 00   914.8    -3.3    13.1   141                                  
1980 02 02 12 00   914.1    -3.5    20.7   161                                  
1980 02 02 15 00   913.2    -5.6    25.7   180                                  
1980 02 02 18 00   913.1    -5.3    23.4   156                                  
1980 02 02 21 00   913.8    -5.5    15.2   136                                  
1980 02 03 00 00   913.5    -3.9    21.3   149                                  
1980 02 03 03 00   913.5    -2.5    19.9   141                                  
1980 02 03 06 00   913.5    -2.3    16.6   141                                  
1980 02 03 09 00   913.7    -2.4    21.3   134                                  
1980 02 03 12 00   914.3    -3.8    17.9   141                                  
1980 02 03 15 00   914.4    -3.8    17.9   141                                  
1980 02 03 18 00   914.5    -4.4    23.8   141                                  
1980 02 03 21 00   915.5    -4.4    19.3   152                                  
1980 02 04 00 00   916.7    -3.8    20.7   139                                  
1980 02 04 09 00   918.4    -4.6    21.3   139                                  
1980 02 04 12 00   919.1    -6.3    20.7   145                                  
1980 02 04 18 00   919.2    -9.9    27.1   170                                  
1980 02 04 21 00   920.4    -8.6    20.7   170                                  
1980 02 05 00 00   920.4    -7.9    21.6   149                                  
1980 02 05 03 00   920.2    -6.1    17.5   150                                  
1980 02 05 06 00   919.6    -6.1    17.9   141                                  
1980 02 05 09 00   920.3    -6.5    15.2   141                                  
1980 02 05 12 00   921.3    -8.3    18.9   159                                  
1980 02 05 15 00   921.5   -11.1    23.4   180                                  
1980 02 05 18 00   921.7   -11.8    20.7   180                                  
1980 02 05 21 00   922.0   -11.5    18.5   180                                  
1980 02 06 00 00   922.4    -8.5    11.3   141                                  
1980 02 06 03 00   922.6    -6.5     8.2   122                                  
1980 02 06 09 00   922.4    -8.0     7.2   141                                  
1980 02 06 12 00   922.2   -11.3    13.1   180                                  
1980 02 06 15 00   921.8   -12.1    14.4   162                                  
1980 02 06 18 00   921.5   -12.8    17.2   167                                  
1980 02 06 21 00   921.8   -12.8    14.4   180                                  
1980 02 07 00 00   921.6    -9.5    10.3   161                                  
1980 02 07 03 00   921.3    -5.3     1.8    64                                  
1980 02 07 06 00   920.8    -1.0     0.0     0                                  
1980 02 07 09 00   920.9    -7.3     2.1   198                                  
1980 02 07 12 00   920.4    -8.3     5.5   180                                  
1980 02 07 15 00   920.4   -10.0    14.8   180                                  
1980 02 07 18 00   919.8   -11.8    14.4   163                                  
1980 02 07 21 00   919.8   -12.1    17.5   180                                  
1980 02 08 00 00   920.0   -10.6    12.1   170                                  
1980 02 08 03 00   920.2    -9.6    12.7   173                                  
1980 02 08 06 00   919.9    -6.9     1.8    90                                  
1980 02 08 09 00   920.4    -5.6     0.0     0                                  
1980 02 08 12 00   921.7   -13.5     8.2   206                                  
1980 02 08 15 00   921.9   -14.3    14.8   180                                  
1980 02 08 18 00   922.5   -16.0    16.6   180                                  
1980 02 08 21 00   923.5   -14.8    14.8   173                                  
1980 02 09 00 00   924.4   -11.6     9.4   170                                  
1980 02 09 03 00   925.3    -8.8    10.7   170                                  
1980 02 09 06 00   926.3    -8.5    11.7   161                                  
1980 02 09 09 00   927.8    -9.9    24.4   156                                  
1980 02 09 12 00   929.1   -11.1    16.2   180                                  
1980 02 09 15 00   930.5   -11.3    11.7   163                                  
1980 02 09 18 00   930.5   -11.5    17.2   180                                  
1980 02 09 21 00   930.8   -10.9    20.7   161                                  
1980 02 10 00 00   930.8    -9.0    22.4   145                                  
1980 02 10 03 00   929.9    -6.6    16.6   141                                  
1980 02 10 09 00   927.5    -5.5    21.6   129                                  
1980 02 10 12 00   927.1    -6.3    22.4   127                                  
1980 02 10 15 00   925.0    -6.9    23.8   141                                  
1980 02 10 18 00   923.7    -7.3    29.2   125                                  
1980 02 10 21 00   922.7    -6.9    26.1   141                                  
1980 02 11 00 00   923.2    -7.5    25.7   141                                  
1980 02 11 06 00   922.0    -5.6    17.5   141                                  
1980 02 11 09 00   921.8    -5.6    13.1   128                                  
1980 02 11 12 00   921.0    -6.5    21.3   142                                  
1980 02 11 15 00   920.3    -7.1    17.2   141                                  
1980 02 11 18 00   917.8    -7.1    23.4   141                                  
1980 02 11 21 00   915.5    -8.1    25.2   152                                  
1980 02 12 00 00   912.0    -6.6    30.2   141                                  
1980 02 12 03 00   911.3    -6.4    24.4   141                                  
1980 02 12 06 00   911.2    -7.8    20.3   122                                  
1980 02 12 09 00   912.5    -8.1    19.3   134                                  
1980 02 12 12 00   914.2    -8.6    23.4   159                                  
1980 02 12 15 00   914.9    -9.8    22.4   141                                  
1980 02 12 18 00   916.1    -9.8    17.9   180                                  
1980 02 12 21 00   917.2    -9.4    19.3   158                                  
1980 02 13 06 00   918.6    -6.3    16.6   170                                  
1980 02 13 09 00   918.6    -7.9    15.8   173                                  
1980 02 13 12 00   917.8    -9.9    24.8   166                                  
1980 02 13 18 00   917.5   -10.9    21.6   180                                  
1980 02 13 21 00   918.8   -10.5    18.9   180                                  
1980 02 14 06 00   922.7    -5.9    15.8   141                                  
1980 02 14 09 00   922.2    -7.3    19.9   141                                  
1980 02 14 12 00   921.8    -6.8    24.8   153                                  
1980 02 14 15 00   920.1    -6.9    26.1   149                                  
1980 02 14 21 00   917.5    -7.9    27.9   141                                  
1980 02 15 00 00   914.8    -7.3    35.1   141                                  
1980 02 15 09 00   911.4    -4.9    17.9   149                                  
1980 02 15 12 00   912.2    -4.5    14.0   141                                  
1980 02 15 15 00   913.1    -4.6    10.7   134                                  
1980 02 15 18 00   914.2    -4.8    17.9   136                                  
1980 02 15 21 00   914.8    -5.5    17.5   141                                  
1980 02 16 00 00   915.8    -4.9    23.0   141                                  
1980 02 16 06 00   918.3    -5.0    21.3   141                                  
1980 02 16 09 00   919.2    -5.1    21.6   141                                  
1980 02 16 12 00   921.3    -5.8    22.4   141                                  
1980 02 16 15 00   922.5    -5.6    23.0   141                                  
1980 02 16 18 00   924.1    -5.9    17.2   139                                  
1980 02 16 21 00   925.7    -6.6    18.5   170                                  
1980 02 17 00 00   926.5    -6.5    18.9   180                                  
1980 02 17 03 00   926.6    -5.5    19.3   148                                  
1980 02 17 06 00   926.3    -5.5    11.3   141                                  
1980 02 17 09 00   926.0    -7.0     8.6   148                                  
1980 02 17 12 00   925.5    -9.4    14.8   180                                  
1980 02 17 15 00   924.4   -11.3    14.8   180                                  
1980 02 17 18 00   923.0   -13.4    14.8   180                                  
1980 02 17 21 00   921.7   -13.5    14.0   176                                  
1980 02 18 00 00   919.5   -10.6    15.2   173                                  
1980 02 18 03 00   917.4    -7.4     5.8   135                                  
1980 02 18 06 00   915.9    -7.4     6.8   101                                  
1980 02 18 09 00   914.9    -9.0     3.1   136                                  
1980 02 18 12 00   914.2   -12.3    16.6   155                                  
1980 02 18 15 00   913.0   -15.1    19.9   180                                  
1980 02 18 18 00   912.5   -15.1    17.5   180                                  
1980 02 18 21 00   912.5   -13.9    16.6   161                                  
1980 02 19 00 00   913.1   -11.1    13.5   141                                  
1980 02 19 06 00   913.4    -9.3     6.2   161                                  
1980 02 19 09 00   914.0   -12.9     6.8   201                                  
1980 02 19 12 00   915.2   -11.8     8.6   170                                  
1980 02 19 15 00   916.3   -12.6    13.5   179                                  
1980 02 19 18 00   917.4    -9.8     9.0   145                                  
1980 02 19 21 00   918.6    -9.3    11.7   141                                  
1980 02 20 00 00   919.8    -7.4    14.0   141                                  
1980 02 20 03 00   920.5    -5.8    14.4    90                                  
1980 02 20 06 00   921.2    -5.3    17.2    93                                  
1980 02 20 09 00   922.3    -6.1    14.8    90                                  
1980 02 20 12 00   922.7    -6.4    15.8   105                                  
1980 02 20 15 00   922.8    -6.5    11.3   135                                  
1980 02 20 18 00   922.1    -7.1    16.2   141                                  
1980 02 20 21 00   922.3    -7.3    20.7   145                                  
1980 02 21 00 00   922.1    -8.5    24.4   149                                  
1980 02 21 03 00   920.4    -7.0    21.6   161                                  
1980 02 21 06 00   919.4    -6.9    15.8   158                                  
1980 02 21 09 00   918.6    -8.9    17.2   170                                  
1980 02 21 12 00   918.1   -11.0    20.3   170                                  
1980 02 21 15 00   917.5   -12.3    17.9   170                                  
1980 02 21 18 00   917.1   -13.9    20.7   180                                  
1980 02 21 21 00   917.4   -14.1    19.3   156                                  
1980 02 22 00 00   917.9   -12.5    20.7   177                                  
1980 02 22 06 00   919.1   -11.6    18.5   161                                  
1980 02 22 09 00   919.9   -13.3    24.4   163                                  
1980 02 22 12 00   921.9   -16.3    27.9   172                                  
1980 02 22 15 00   922.6   -16.3    20.3   163                                  
1980 02 22 18 00   923.0   -13.0    23.4   170                                  
1980 02 22 21 00   924.1   -10.9    22.4   180                                  
1980 02 23 00 00   924.4    -9.1    22.0   156                                  
1980 02 23 03 00   924.4    -8.5    23.0   161                                  
1980 02 23 06 00   923.8    -7.3    23.0   180                                  
1980 02 23 09 00   924.3    -8.1    23.8   180                                  
1980 02 23 12 00   923.4    -9.6    24.4   170                                  
1980 02 23 15 00   922.6   -10.9    31.6   162                                  
1980 02 23 18 00   922.4   -10.4    26.5   180                                  
1980 02 23 21 00   922.6   -11.1    30.6   167                                  
1980 02 24 00 00   923.0    -8.3    26.1   180                                  
1980 02 24 03 00   922.8    -6.6    21.3   163                                  
1980 02 24 09 00   923.2    -6.9    27.1   161                                  
1980 02 24 12 00   923.2    -7.3    24.4   161                                  
1980 02 24 15 00   923.1    -7.6    29.6   158                                  
1980 02 24 18 00   923.1    -8.0    25.2   146                                  
1980 02 24 21 00   923.3    -8.5    24.8   161                                  
1980 02 25 00 00   923.7    -8.1    22.0   180                                  
1980 02 25 03 00   922.7    -6.9    18.5   150                                  
1980 02 25 09 00   920.6    -8.0    26.5   141                                  
1980 02 25 12 00   919.3    -9.5    30.2   141                                  
1980 02 25 15 00   917.8    -9.3    27.9   141                                  
1980 02 25 18 00   916.7   -11.3    39.6   159                                  
1980 02 25 21 00   916.4   -11.1    34.7   155                                  
1980 02 26 00 00   916.1   -10.5    36.1   149                                  
1980 02 26 03 00   915.9    -9.5    28.9   156                                  
1980 02 26 06 00   916.0    -9.6    32.0   180                                  
1980 02 26 09 00   916.6   -10.6    28.9   156                                  
1980 02 26 12 00   917.7   -11.9    28.5   180                                  
1980 02 26 15 00   918.4   -12.6    31.0   180                                  
1980 02 26 18 00   919.0   -13.1    34.7   166                                  
1980 02 26 21 00   921.0   -12.8    26.1   180                                  
1980 02 27 00 00   922.0   -12.5    26.5   159                                  
1980 02 27 03 00   923.1   -10.9    23.0   180                                  
1980 02 27 06 00   922.4   -10.5    30.2   180                                  
1980 02 27 09 00   923.1   -10.5    27.1   141                                  
1980 02 27 12 00   921.8   -12.1    34.1   156                                  
1980 02 27 15 00   918.8   -12.3    35.5   141                                  
1980 02 27 18 00   916.4   -10.3    33.7   149                                  
1980 02 27 21 00   915.6   -10.3    48.6   145                                  
1980 02 28 00 00   916.4    -9.6    26.5   142                                  
1980 02 28 03 00   916.9    -8.3    29.2   141                                  
1980 02 28 06 00   917.5    -6.1    23.8   141                                  
1980 02 28 09 00   919.3    -4.4    14.8   136                                  
1980 02 28 12 00   920.6    -2.9    10.3    90                                  
1980 02 28 15 00   921.9    -3.3     4.9   111                                  
1980 02 28 18 00   923.9    -2.4     5.8    90                                  
1980 02 28 21 00   925.5    -2.3     8.2    90                                  
1980 02 29 00 00   927.0    -1.9     4.9    90                                  
1980 02 29 03 00   927.7    -0.5     3.7   141                                  
1980 02 29 06 00   928.2    -0.9     6.2   111                                  
1980 02 29 09 00   928.3    -2.1     5.8    90                                  
1980 02 29 12 00   928.5    -3.1     9.0   180                                  
1980 02 29 15 00   928.3    -6.8    12.1   180                                  
1980 02 29 18 00   928.2   -10.9    18.5   180                                  
1980 02 29 21 00   928.5   -11.9    22.4   187                                  
1980 03 01 00 00   928.0    -9.9    15.8   180                                  
1980 03 01 03 00   927.2    -8.5    14.4   180                                  
1980 03 01 06 00   926.5    -7.6     9.9   180                                  
1980 03 01 09 00   925.7   -11.4    11.7   180                                  
1980 03 01 12 00   924.9   -14.9    17.5   201                                  
1980 03 01 15 00   924.1   -16.0    15.8   180                                  
1980 03 01 18 00   922.6   -15.8    16.6   180                                  
1980 03 01 21 00   921.4   -15.3    15.2   184                                  
1980 03 02 00 00   918.8   -11.6    13.5   180                                  
1980 03 02 03 00   916.5   -10.0    15.2   180                                  
1980 03 02 06 00   915.6   -11.1    16.6   180                                  
1980 03 02 09 00   916.0   -13.4    22.4   180                                  
1980 03 02 12 00   917.1   -16.3    16.2   198                                  
1980 03 02 15 00   917.7   -17.8    15.8   200                                  
1980 03 02 18 00   917.9   -18.9    17.2   180                                  
1980 03 02 21 00   918.6   -17.4    13.1   180                                  
1980 03 03 00 00   919.7   -14.9    13.5   173                                  
1980 03 03 03 00   919.5   -12.5    13.5   180                                  
1980 03 03 06 00   921.6   -11.0     9.0   149                                  
1980 03 03 09 00   923.4   -13.3     9.4   165                                  
1980 03 03 12 00   925.6   -13.9    14.0   176                                  
1980 03 03 15 00   927.2   -12.1    13.1   184                                  
1980 03 03 18 00   927.9   -11.1    11.7   180                                  
1980 03 03 21 00   929.5   -10.0     9.9   135                                  
1980 03 04 00 00   930.1    -8.5    13.5   135                                  
1980 03 04 03 00   929.5    -8.5    14.8   143                                  
1980 03 04 09 00   923.4    -7.3    28.9   141                                  
1980 03 04 12 00   919.5    -8.0    36.1   149                                  
1980 03 04 15 00   916.1    -8.9    47.2   148                                  
1980 03 04 18 00   911.2    -9.9    40.6   141                                  
1980 03 05 00 00   907.5    -9.9    30.6   141                                  
1980 03 05 03 00   906.5    -9.4    36.9   149                                  
1980 03 05 09 00   906.7    -8.9    26.5   149                                  
1980 03 05 12 00   908.0    -9.4    26.5   180                                  
1980 03 05 15 00   907.8    -9.1    24.4   180                                  
1980 03 05 18 00   908.5   -10.6    28.9   167                                  
1980 03 05 21 00   909.6   -11.4    28.5   173                                  
1980 03 06 00 00   910.8   -11.1    23.0   180                                  
1980 03 06 03 00   911.8    -8.8    25.2   146                                  
1980 03 06 06 00   912.8   -10.4    27.1   161                                  
1980 03 06 09 00   914.4   -11.4    27.9   165                                  
1980 03 06 12 00   915.2   -12.3    28.9   180                                  
1980 03 06 15 00   915.6   -13.0    27.9   180                                  
1980 03 06 18 00   916.6   -12.1    27.9   170                                  
1980 03 06 21 00   918.1   -10.6    21.3   180                                  
1980 03 07 00 00   919.7   -10.4    16.6   188                                  
1980 03 07 03 00   919.7    -8.5    15.8   179                                  
1980 03 07 06 00   920.4    -8.1     8.2   161                                  
1980 03 07 09 00   920.5   -10.9    13.5   180                                  
1980 03 07 12 00   920.2   -12.1    11.7   152                                  
1980 03 07 15 00   919.6   -14.0    17.2   180                                  
1980 03 07 18 00   918.2   -15.1    15.2   180                                  
1980 03 07 21 00   917.2   -15.9    22.4   176                                  
1980 03 08 00 00   916.4   -14.3    22.4   163                                  
1980 03 08 03 00   915.4   -12.6    17.9   180                                  
1980 03 08 06 00   915.2   -11.3    20.7   180                                  
1980 03 08 09 00   915.5   -13.5    18.9   159                                  
1980 03 08 12 00   916.2   -16.6    34.1   180                                  
1980 03 08 15 00   918.0   -16.9    33.3   195                                  
1980 03 08 18 00   920.8   -17.0    36.1   189                                  
1980 03 08 21 00   920.9   -16.5    44.7   180                                  
1980 03 09 00 00   923.1   -14.5    40.6   189                                  
1980 03 09 03 00   925.0   -13.0    37.8   180                                  
1980 03 09 06 00   927.7   -10.9     4.9   117                                  
1980 03 09 09 00   929.1    -9.8    20.3   173                                  
1980 03 09 12 00   928.6   -10.1    16.6   179                                  
1980 03 09 15 00   927.5    -9.3     9.4   161                                  
1980 03 09 18 00   925.2   -10.6     8.2   170                                  
1980 03 09 21 00   924.3   -12.3     8.2   180                                  
1980 03 10 00 00   924.0   -12.3    10.7   180                                  
1980 03 10 03 00   923.8   -10.6     8.2   180                                  
1980 03 10 06 00   923.1   -11.1    10.7   179                                  
1980 03 10 09 00   923.0   -12.4    14.8   180                                  
1980 03 10 12 00   923.4   -14.8    14.0   189                                  
1980 03 10 15 00   923.4   -16.5    17.5   189                                  
1980 03 10 18 00   922.7   -16.0    27.1   180                                  
1980 03 10 21 00   921.1   -17.6    19.9   167                                  
1980 03 11 00 00   919.9   -15.9    42.3   180                                  
1980 03 11 03 00   925.6   -12.4    14.8   180                                  
1980 03 11 06 00   926.6   -13.0    18.9   180                                  
1980 03 11 09 00   927.2   -15.4    17.5   198                                  
1980 03 11 12 00   927.8   -18.0    16.6   189                                  
1980 03 11 15 00   926.5   -18.8    19.3   198                                  
1980 03 11 18 00   926.2   -15.6    13.1   180                                  
1980 03 11 21 00   926.7   -14.9     9.9   180                                  
1980 03 12 00 00   926.8   -12.9    10.7   170                                  
1980 03 12 03 00   926.0    -8.5     4.5   170                                  
1980 03 12 06 00   925.0    -9.0     5.5   141                                  
1980 03 12 09 00   924.7    -7.8     9.9   143                                  
1980 03 12 12 00   924.7    -7.5    11.3   105                                  
1980 03 12 15 00   923.2    -7.4    15.8   139                                  
1980 03 12 18 00   921.3    -5.8    26.1   141                                  
1980 03 12 21 00   920.9    -6.8    25.7   141                                  
1980 03 13 00 00   919.5    -7.6    35.5   141                                  
1980 03 13 03 00   919.5    -7.3    26.1   145                                  
1980 03 13 06 00   918.0    -6.9    27.9   141                                  
1980 03 13 09 00   916.5    -7.6    33.7   141                                  
1980 03 13 12 00   916.1    -8.6    32.4   180                                  
1980 03 13 15 00   915.5    -7.9    39.2   156                                  
1980 03 13 18 00   914.9    -9.1    33.0   156                                  
1980 03 13 21 00   914.9    -9.8    28.5   141                                  
1980 03 14 00 00   915.1    -9.0    21.6   141                                  
1980 03 14 03 00   914.7    -8.3    17.9   145                                  
1980 03 14 09 00   913.1   -10.9    27.1   141                                  
1980 03 14 12 00   912.8   -15.3    33.3   141                                  
1980 03 14 15 00   912.4   -15.3    36.5   159                                  
1980 03 14 18 00   909.5   -14.8    30.2   156                                  
1980 03 14 21 00   907.8   -14.1    27.9   161                                  
1980 03 15 00 00   905.8   -12.1    23.8   161                                  
1980 03 15 03 00   903.6   -10.3    24.8   155                                  
1980 03 15 06 00   900.7   -11.5    25.2   180                                  
1980 03 15 09 00   900.0   -12.5    31.0   167                                  
1980 03 15 12 00   899.6   -13.5    22.4   180                                  
1980 03 15 15 00   898.6   -14.8    23.8   180                                  
1980 03 15 18 00   898.1   -13.3    18.5   167                                  
1980 03 15 21 00   898.2   -11.8    18.5   161                                  
1980 03 16 00 00   899.4   -10.4     9.9   139                                  
1980 03 16 03 00   900.5    -9.8    23.0   141                                  
1980 03 16 06 00   902.7   -11.6    22.4   141                                  
1980 03 16 09 00   905.5   -13.0    22.4   141                                  
1980 03 16 12 00   908.1   -13.4    22.0   150                                  
1980 03 16 15 00   910.3   -15.1    19.9   149                                  
1980 03 16 18 00   911.3   -15.6    23.4   141                                  
1980 03 16 21 00   913.5   -15.1    16.2   129                                  
1980 03 17 00 00   913.6   -13.9    19.3   139                                  
1980 03 17 03 00   913.7   -12.6    26.5   139                                  
1980 03 17 06 00   913.5   -12.3    29.6   161                                  
1980 03 17 09 00   911.2   -14.5    38.8   160                                  
1980 03 17 12 00   911.3   -14.8    34.7   170                                  
1980 03 17 15 00   909.1   -15.3    42.3   158                                  
1980 03 17 18 00   907.8   -16.0    36.9   170                                  
1980 03 17 21 00   906.8   -16.4    38.2   149                                  
1980 03 18 00 00   907.1   -15.1    38.2   149                                  
1980 03 18 09 00   906.0   -13.8    36.9   156                                  
1980 03 18 12 00   905.6   -14.6    45.0   180                                  
1980 03 18 15 00   905.9   -14.3    48.2   167                                  
1980 03 18 18 00   905.7   -14.8    45.4   170                                  
1980 03 18 21 00   906.1   -15.6    45.0   180                                  
1980 03 19 00 00   906.4   -16.5    44.7   180                                  
1980 03 19 03 00   906.8   -14.9    41.0   180                                  
1980 03 19 06 00   907.6   -15.0    33.3   167                                  
1980 03 19 09 00   907.5   -17.0    38.8   180                                  
1980 03 19 12 00   908.3   -17.1    28.5   181                                  
1980 03 19 15 00   906.9   -16.1    28.5   180                                  
1980 03 19 18 00   906.9   -16.3    27.1   180                                  
1980 03 19 21 00   907.1   -14.8    26.1   159                                  
1980 03 20 00 00   906.4   -14.1    25.2   161                                  
1980 03 20 03 00   906.8   -12.3    13.5   141                                  
1980 03 20 06 00   905.8   -12.8    18.9   135                                  
1980 03 20 09 00   905.2   -13.4    21.3   139                                  
1980 03 20 12 00   903.4   -11.9    22.4   141                                  
1980 03 20 15 00   898.8   -11.9    37.4   156                                  
1980 03 20 18 00   895.0    -9.6    38.2   141                                  
1980 03 20 21 00   892.3   -10.5    40.0   145                                  
1980 03 21 00 00   890.1   -10.9    39.6   158                                  
1980 03 21 03 00   889.7    -9.4    45.8   141                                  
1980 03 21 06 00   890.3    -9.4    44.7   141                                  
1980 03 21 09 00   890.0   -10.1    45.4   160                                  
1980 03 21 12 00   890.1    -9.6    49.1   149                                  
1980 03 21 15 00   889.6    -9.3    45.4   145                                  
1980 03 21 18 00   890.8    -8.5    45.4   149                                  
1980 03 21 21 00   890.2    -7.5    46.8   141                                  
1980 03 22 00 00   889.8    -7.4    51.3   150                                  
1980 03 22 03 00   888.2    -6.6    51.3   153                                  
1980 03 22 06 00   888.6    -5.8    45.4   141                                  
1980 03 22 09 00   888.3    -5.9    40.0   141                                  
1980 03 22 12 00   888.3    -5.8    36.5   145                                  
1980 03 22 15 00   886.9    -5.8    38.8   142                                  
1980 03 22 18 00   887.0    -6.3    51.7   148                                  
1980 03 22 21 00   888.6    -5.5    41.0   141                                  
1980 03 23 00 00   892.2    -5.8    37.8   141                                  
1980 03 23 03 00   895.3    -4.8    30.2   139                                  
1980 03 23 09 00   899.2    -3.3    32.0   149                                  
1980 03 23 12 00   899.1    -5.9    38.8   161                                  
1980 03 23 15 00   898.5    -4.1    37.4   150                                  
1980 03 23 18 00   900.6    -4.9    29.6   159                                  
1980 03 23 21 00   902.7    -3.3    24.4   143                                  
1980 03 24 00 00   906.9    -2.8    19.3   141                                  
1980 03 24 03 00   907.9    -2.4    19.3   139                                  
1980 03 24 06 00   907.4    -6.3    32.0   180                                  
1980 03 24 09 00   907.4    -6.5    28.9   170                                  
1980 03 24 12 00   908.2    -5.9    22.0   161                                  
1980 03 24 15 00   909.4    -4.1    11.3   141                                  
1980 03 24 18 00   910.7    -4.4    12.7   111                                  
1980 03 24 21 00   912.1    -4.0     9.4   120                                  
1980 03 25 00 00   913.4    -3.5    14.4   134                                  
1980 03 25 03 00   914.0    -3.4    16.2   141                                  
1980 03 25 06 00   914.5    -3.8    23.8   141                                  
1980 03 25 09 00   915.4    -5.5    26.1   141                                  
1980 03 25 12 00   917.2    -6.5    20.3   148                                  
1980 03 25 15 00   918.2    -6.3    23.0   141                                  
1980 03 25 18 00   919.3    -6.4    21.6   141                                  
1980 03 25 21 00   919.9    -8.8    28.5   156                                  
1980 03 26 00 00   921.2    -8.1    29.2   156                                  
1980 03 26 03 00   920.4    -8.3    32.0   149                                  
1980 03 26 06 00   921.2    -8.5    32.4   180                                  
1980 03 26 09 00   919.7    -7.6    35.1   153                                  
1980 03 26 12 00   920.3    -5.9    36.5   141                                  
1980 03 26 15 00   922.0    -6.6    41.0   150                                  
1980 03 26 18 00   923.8    -6.8    27.5   141                                  
1980 03 26 21 00   924.5    -7.6    29.6   170                                  
1980 03 27 00 00   924.6    -9.3    36.1   180                                  
1980 03 27 03 00   922.8    -9.4    33.0   180                                  
1980 03 27 09 00   921.6    -9.3    31.6   156                                  
1980 03 27 12 00   921.0    -9.4    32.0   170                                  
1980 03 27 15 00   921.8    -8.6    33.7   180                                  
1980 03 27 18 00   922.5    -9.0    26.5   136                                  
1980 03 27 21 00   922.9    -9.3    34.1   170                                  
1980 03 28 00 00   923.9    -9.3    33.7   149                                  
1980 03 28 09 00   927.9    -8.9    34.1   180                                  
1980 03 28 12 00   929.2    -9.1    33.7   163                                  
1980 03 28 15 00   929.8    -9.8    32.4   170                                  
1980 03 28 18 00   931.0   -11.1    35.5   180                                  
1980 03 28 21 00   932.2   -10.9    35.1   156                                  
1980 03 29 00 00   934.2    -9.6    24.8   180                                  
1980 03 29 03 00   934.8    -8.5    19.9   161                                  
1980 03 29 06 00   935.3    -7.6    14.0   141                                  
1980 03 29 09 00   936.1   -10.3     6.8   134                                  
1980 03 29 12 00   936.4   -11.8     8.2   180                                  
1980 03 29 15 00   936.0   -11.8    10.3   180                                  
1980 03 29 18 00   935.0   -13.4    15.2   180                                  
1980 03 29 21 00   934.5   -15.3    15.8   201                                  
1980 03 30 00 00   934.7   -13.3    17.9   200                                  
1980 03 30 06 00   933.7   -11.1    17.2   180                                  
1980 03 30 09 00   933.4    -9.8    14.0   180                                  
1980 03 30 12 00   932.5    -8.9    14.8   167                                  
1980 03 30 15 00   931.7    -9.6    14.8   173                                  
1980 03 30 18 00   930.4    -8.9    14.8   170                                  
1980 03 30 21 00   929.5    -9.8    19.3   170                                  
1980 03 31 00 00   928.4    -7.6    18.5   138                                  
1980 03 31 03 00   927.8    -7.5    33.3   173                                  
1980 03 31 06 00   927.0    -8.0    13.5   149                                  
1980 03 31 09 00   927.0    -8.5    14.8   161                                  
1980 03 31 12 00   927.1    -8.9    23.8   153                                  
1980 03 31 15 00   927.3    -9.4    15.2   153                                  
1980 03 31 18 00   927.4    -9.4    11.7   149                                  
1980 03 31 21 00   928.4   -10.3     4.1   135                                  
1980 04 01 03 00   928.6    -8.5    11.5   111                                  
1980 04 01 09 00   928.4    -9.6    14.2   149                                  
1980 04 01 12 00   927.3   -11.8    23.6   161                                  
1980 04 01 15 00   926.6    -9.6    20.7   122                                  
1980 04 01 18 00   924.6    -8.6    16.2   132                                  
1980 04 01 21 00   924.3    -9.5    16.6   149                                  
1980 04 02 00 00   924.8   -10.0     8.8   180                                  
1980 04 02 03 00   924.5    -9.8     8.4   201                                  
1980 04 02 06 00   923.4   -11.6    10.1   180                                  
1980 04 02 09 00   923.2   -12.1    11.1   180                                  
1980 04 02 12 00   922.8   -13.1    12.5   198                                  
1980 04 02 15 00   922.5   -13.9    15.2   180                                  
1980 04 02 18 00   922.5   -14.1    17.5   198                                  
1980 04 02 21 00   923.4   -13.5    17.9   180                                  
1980 04 03 00 00   924.5   -12.1    15.6   189                                  
1980 04 03 03 00   924.8   -10.9    12.5   195                                  
1980 04 03 06 00   925.5   -11.3    12.5   180                                  
1980 04 03 09 00   926.2   -10.5     9.8   180                                  
1980 04 03 12 00   926.0   -10.3     6.4   145                                  
1980 04 03 15 00   925.0   -11.3    10.1   101                                  
1980 04 03 18 00   922.6   -11.8    16.2   141                                  
1980 04 03 21 00   921.9   -11.0    13.3   132                                  
1980 04 04 00 00   922.8   -13.1    21.3   159                                  
1980 04 04 06 00   924.8   -12.8     6.0    90                                  
1980 04 04 09 00   924.4   -13.5    26.3   145                                  
1980 04 04 12 00   924.1   -14.6    27.7   150                                  
1980 04 04 15 00   923.9   -14.6    18.3   127                                  
1980 04 04 18 00   923.0   -14.9    19.9   149                                  
1980 04 04 21 00   923.7   -15.3    17.9   180                                  
1980 04 05 00 00   925.1   -14.1    11.5   156                                  
1980 04 05 03 00   926.2   -13.5     4.1   161                                  
1980 04 05 06 00   926.3   -14.3     6.0   156                                  
1980 04 05 09 00   927.8   -15.1    15.6   156                                  
1980 04 05 12 00   928.5   -15.6    17.0   170                                  
1980 04 05 15 00   928.4   -15.9    16.2   180                                  
1980 04 05 18 00   929.2   -16.1    10.5   166                                  
1980 04 05 21 00   929.6   -16.5     7.4   180                                  
1980 04 06 00 00   929.9   -14.8     8.4   180                                  
1980 04 06 03 00   930.2   -13.6     8.8   161                                  
1980 04 06 06 00   929.9   -13.9     9.8   150                                  
1980 04 06 09 00   930.7   -16.6     9.8   180                                  
1980 04 06 12 00   931.4   -16.9     9.2   180                                  
1980 04 06 15 00   931.8   -17.6     9.2   180                                  
1980 04 06 18 00   931.8   -17.9    10.1   180                                  
1980 04 06 21 00   932.1   -16.0    12.5   179                                  
1980 04 07 00 00   933.2   -14.3     9.8   180                                  
1980 04 07 03 00   932.7   -14.3     6.4    90                                  
1980 04 07 06 00   930.2   -13.5    14.2   101                                  
1980 04 07 09 00   929.1   -12.4    15.2   124                                  
1980 04 07 12 00   925.2   -10.5    30.4   134                                  
1980 04 07 15 00   920.9    -9.4    30.4   129                                  
1980 04 07 18 00   917.1   -11.0    32.2   141                                  
1980 04 07 21 00   915.0   -11.1    31.4   138                                  
1980 04 08 00 00   914.2   -11.5    35.9   148                                  
1980 04 08 03 00   916.0   -10.6    19.9   149                                  
1980 04 08 06 00   920.2   -11.6    14.2   141                                  
1980 04 08 09 00   922.3   -11.9    17.5   156                                  
1980 04 08 12 00   923.3   -14.9    20.7   166                                  
1980 04 08 15 00   922.9   -15.6    17.0   180                                  
1980 04 08 18 00   920.7   -15.1    22.0   180                                  
1980 04 08 21 00   918.5   -14.6    29.4   180                                  
1980 04 09 00 00   918.3   -14.1    25.0   167                                  
1980 04 09 06 00   919.6   -14.9    18.9   180                                  
1980 04 09 09 00   921.2   -14.6    11.9   161                                  
1980 04 09 12 00   921.6   -15.1    14.8   146                                  
1980 04 09 15 00   918.8   -16.4    15.6   150                                  
1980 04 09 18 00   915.7   -15.6    22.0   141                                  
1980 04 09 21 00   913.8   -15.1    30.8   180                                  
1980 04 10 00 00   911.2   -16.5    39.6   170                                  
1980 04 10 03 00   909.4   -16.9    46.0   158                                  
1980 04 10 09 00   910.7   -13.5    37.2   161                                  
1980 04 10 12 00   913.8   -13.3    34.1   180                                  
1980 04 10 15 00   916.4   -13.6    34.1   176                                  
1980 04 10 18 00   920.6   -13.8    22.6   174                                  
1980 04 10 21 00   923.6   -15.6    19.3   180                                  
1980 04 11 00 00   926.5   -16.3    18.9   180                                  
1980 04 11 03 00   927.9   -15.4    13.8   186                                  
1980 04 11 06 00   929.4   -16.5    12.9   180                                  
1980 04 11 09 00   929.6   -16.9    12.9   180                                  
1980 04 11 12 00   931.2   -16.1    11.5   161                                  
1980 04 11 15 00   930.7   -15.5    12.5   149                                  
1980 04 11 18 00   930.6   -14.1    13.3   143                                  
1980 04 11 21 00   930.4   -12.9    17.9   131                                  
1980 04 12 00 00   930.0   -12.9    21.6   149                                  
1980 04 12 03 00   928.0   -12.4    23.6   149                                  
1980 04 12 06 00   925.4   -13.0    25.0   141                                  
1980 04 12 09 00   923.2   -12.9    37.2   148                                  
1980 04 12 12 00   921.7   -13.0    35.1   141                                  
1980 04 12 15 00   918.8   -14.9    37.2   141                                  
1980 04 12 18 00   917.3   -14.8    41.5   149                                  
1980 04 12 21 00   917.8   -15.9    41.0   159                                  
1980 04 13 00 00   918.6   -16.0    33.7   145                                  
1980 04 13 03 00   917.2   -15.6    40.6   180                                  
1980 04 13 06 00   917.3   -15.1    43.9   180                                  
1980 04 13 09 00   917.2   -14.5    42.9   156                                  
1980 04 13 12 00   919.7   -13.9    34.5   150                                  
1980 04 13 15 00   921.8   -14.8    48.0   170                                  
1980 04 13 18 00   921.7   -16.5    44.7   180                                  
1980 04 13 21 00   922.3   -17.6    38.8   180                                  
1980 04 14 00 00   922.4   -17.0    32.2   162                                  
1980 04 14 03 00   923.3   -17.3    35.5   180                                  
1980 04 14 06 00   924.3   -16.6    31.4   169                                  
1980 04 14 09 00   924.4   -17.6    32.8   177                                  
1980 04 14 12 00   923.5   -18.1    29.4   180                                  
1980 04 14 15 00   923.6   -17.9    24.4   167                                  
1980 04 14 18 00   923.5   -18.6    30.0   173                                  
1980 04 14 21 00   924.1   -18.6    23.6   180                                  
1980 04 15 00 00   924.0   -17.9    24.4   180                                  
1980 04 15 06 00   925.0   -17.1    23.6   162                                  
1980 04 15 09 00   926.7   -18.0    24.4   180                                  
1980 04 15 12 00   928.2   -18.6    25.4   166                                  
1980 04 15 15 00   928.7   -19.3    26.7   180                                  
1980 04 15 18 00   930.1   -19.3    30.4   180                                  
1980 04 15 21 00   931.1   -18.8    32.8   165                                  
1980 04 16 00 00   932.4   -18.5    33.2   180                                  
1980 04 16 03 00   933.1   -17.3    31.4   180                                  
1980 04 16 06 00   933.2   -17.0    30.8   173                                  
1980 04 16 09 00   934.3   -17.1    28.5   176                                  
1980 04 16 12 00   934.5   -17.3    26.7   180                                  
1980 04 16 15 00   934.8   -16.9    25.7   180                                  
1980 04 16 18 00   935.2   -17.6    23.0   180                                  
1980 04 16 21 00   935.3   -20.0    21.3   180                                  
1980 04 17 00 00   934.9   -20.0    25.0   195                                  
1980 04 17 03 00   933.3   -16.4    14.2   180                                  
1980 04 17 06 00   931.0   -15.9    13.3   149                                  
1980 04 17 09 00   929.8   -15.6    11.9   148                                  
1980 04 17 12 00   927.7   -16.6    15.6   160                                  
1980 04 17 15 00   926.0   -17.6    24.0   180                                  
1980 04 17 18 00   924.8   -20.5    25.7   180                                  
1980 04 17 21 00   923.8   -19.3    26.3   170                                  
1980 04 18 00 00   923.2   -19.4    29.4   170                                  
1980 04 18 03 00   921.3   -19.0    27.7   179                                  
1980 04 18 06 00   919.5   -18.8    26.3   170                                  
1980 04 18 09 00   918.0   -17.5    24.4   180                                  
1980 04 18 12 00   916.6   -17.1    33.2   173                                  
1980 04 18 15 00   916.9   -16.4    12.9   170                                  
1980 04 18 18 00   917.6   -18.5    12.9   156                                  
1980 04 18 21 00   917.7   -22.5    11.1   198                                  
1980 04 19 00 00   917.8   -21.0    16.2   180                                  
1980 04 19 03 00   918.8   -18.5    22.6   174                                  
1980 04 19 09 00   917.6   -23.8    28.5   180                                  
1980 04 19 12 00   916.5   -23.9    31.4   180                                  
1980 04 19 15 00   914.4   -25.1    50.3   173                                  
1980 04 19 18 00   913.7   -25.3    30.4   179                                  
1980 04 19 21 00   913.5   -25.5    36.9   180                                  
1980 04 20 00 00   913.0   -23.3    37.8   180                                  
1980 04 20 03 00   913.3   -20.6    52.1   167                                  
1980 04 20 06 00   917.6   -16.9    13.8    90                                  
1980 04 20 09 00   919.8   -14.3    35.1   149                                  
1980 04 20 12 00   925.0   -16.5    34.5   170                                  
1980 04 20 15 00   927.2   -15.6    26.7   141                                  
1980 04 20 18 00   927.5   -16.3    28.5   159                                  
1980 04 20 21 00   926.7   -16.0    29.1   156                                  
1980 04 21 00 00   925.7   -15.8    30.8   149                                  
1980 04 21 03 00   922.3   -15.6    30.0   149                                  
1980 04 21 06 00   919.2   -15.4    32.2   161                                  
1980 04 21 09 00   917.7   -15.4    26.3   159                                  
1980 04 21 12 00   916.0   -17.8    29.4   180                                  
1980 04 21 15 00   914.1   -17.6    29.4   180                                  
1980 04 21 18 00   912.2   -17.6    29.1   180                                  
1980 04 21 21 00   911.8   -16.5    11.5   145                                  
1980 04 22 00 00   909.5   -16.9    17.0   158                                  
1980 04 22 03 00   907.2   -17.3    20.7   149                                  
1980 04 22 06 00   905.3   -18.4    24.0   180                                  
1980 04 22 09 00   904.2   -19.9    26.7   170                                  
1980 04 22 12 00   903.1   -19.6    30.8   180                                  
1980 04 22 15 00   904.1   -19.0    26.3   161                                  
1980 04 22 18 00   905.2   -18.6    23.6   149                                  
1980 04 22 21 00   907.2   -18.1    15.6   150                                  
1980 04 23 00 00   909.9   -18.5    19.9   159                                  
1980 04 23 03 00   912.6   -18.6    21.3   180                                  
1980 04 23 06 00   914.2   -18.5    27.1   169                                  
1980 04 23 09 00   917.2   -17.6    24.0   156                                  
1980 04 23 12 00   918.8   -18.9    31.8   180                                  
1980 04 23 15 00   919.6   -18.4    38.8   162                                  
1980 04 23 18 00   919.5   -17.6    37.8   163                                  
1980 04 23 21 00   918.8   -16.3    36.5   180                                  
1980 04 24 00 00   919.5   -14.5    32.8   180                                  
1980 04 24 03 00   918.9   -13.9    36.5   149                                  
1980 04 24 06 00   919.2   -13.3    35.9   156                                  
1980 04 24 09 00   918.6   -14.6    36.9   180                                  
1980 04 24 12 00   913.6   -16.0    39.6   162                                  
1980 04 24 15 00   909.4   -16.9    49.3   180                                  
1980 04 24 18 00   909.0   -16.4    53.8   180                                  
1980 04 24 21 00   907.4   -16.4    56.7   177                                  
1980 04 25 00 00   906.6   -16.4    53.4   180                                  
1980 04 25 03 00   906.5   -16.0    52.5   180                                  
1980 04 25 06 00   908.8   -17.0    44.3   180                                  
1980 04 25 09 00   909.0   -16.9    41.5   180                                  
1980 04 25 12 00   910.6   -17.1    44.7   173                                  
1980 04 25 15 00   911.8   -17.6    40.6   180                                  
1980 04 25 18 00   913.9   -17.0    28.1   180                                  
1980 04 25 21 00   914.9   -17.8    20.3   150                                  
1980 04 26 00 00   914.4   -16.9    20.3   163                                  
1980 04 26 03 00   914.0   -18.1    22.6   180                                  
1980 04 26 06 00   914.3   -20.5    19.3   180                                  
1980 04 26 09 00   914.2   -21.5    25.7   190                                  
1980 04 26 12 00   914.0   -21.3    22.0   183                                  
1980 04 26 15 00   912.8   -21.1    19.3   201                                  
1980 04 26 18 00   912.5   -21.3    16.2   180                                  
1980 04 26 21 00   910.7   -19.3    14.2   180                                  
1980 04 27 00 00   908.9   -17.3    17.5   139                                  
1980 04 27 03 00   906.8   -16.0    21.3   161                                  
1980 04 27 06 00   905.5   -16.6    29.1   180                                  
1980 04 27 09 00   905.1   -16.9    28.1   180                                  
1980 04 27 12 00   905.8   -15.6    17.0   122                                  
1980 04 27 15 00   905.7   -16.4    16.6   143                                  
1980 04 27 18 00   905.8   -17.0    12.9   145                                  
1980 04 27 21 00   905.6   -16.9    17.0   141                                  
1980 04 28 00 00   906.1   -19.0    22.6   141                                  
1980 04 28 03 00   905.6   -18.5    29.1   166                                  
1980 04 28 09 00   908.4   -18.8    20.3   170                                  
1980 04 28 12 00   909.8   -17.8    17.0   141                                  
1980 04 28 15 00   911.1   -18.9     5.5   160                                  
1980 04 28 18 00   911.4   -19.0     7.4   150                                  
1980 04 28 21 00   910.7   -18.0    12.5   120                                  
1980 04 29 00 00   910.2   -18.3    11.9   114                                  
1980 04 29 09 00   906.8   -15.6    21.3   141                                  
1980 04 29 12 00   908.6   -16.0    16.2   141                                  
1980 04 29 15 00   910.5   -17.3    15.6   170                                  
1980 04 29 18 00   912.6   -16.6    10.1   128                                  
1980 04 29 21 00   915.2   -16.3    14.8   142                                  
1980 04 30 00 00   917.5   -17.6     8.4   111                                  
1980 04 30 03 00   919.0   -17.4     3.1   134                                  
1980 04 30 06 00   918.6   -17.8     6.8   141                                  
1980 04 30 09 00   917.7   -18.5     9.8   142                                  
1980 04 30 12 00   915.6   -18.4    13.3   141                                  
1980 04 30 15 00   909.7   -15.9    25.0   141                                  
1980 04 30 18 00   906.7   -14.8    24.0   141                                  
1980 04 30 21 00   903.9   -16.9    26.7   148                                  
1980 05 01 00 00   902.1   -18.3    26.3   145                                  
1980 05 01 09 00   904.0   -20.9    22.6   159                                  
1980 05 01 12 00   903.2   -21.0    17.9   153                                  
1980 05 01 15 00   901.9   -21.5    17.9   161                                  
1980 05 01 18 00   900.8   -21.5    25.4   180                                  
1980 05 01 21 00   901.2   -21.3    35.1   186                                  
1980 05 02 00 00   903.3   -21.8    15.2   183                                  
1980 05 02 03 00   903.6   -22.9    21.3   180                                  
1980 05 02 06 00   903.2   -23.8    30.8   195                                  
1980 05 02 09 00   902.5   -23.9    30.4   203                                  
1980 05 02 12 00   901.8   -24.1    28.5   203                                  
1980 05 02 15 00   903.8   -23.6    17.0   180                                  
1980 05 02 18 00   905.4   -23.8    18.9   180                                  
1980 05 02 21 00   906.5   -22.9    18.3   180                                  
1980 05 03 00 00   907.3   -23.5    18.3   180                                  
1980 05 03 06 00   908.9   -23.0    18.9   198                                  
1980 05 03 09 00   909.2   -23.3    16.6   180                                  
1980 05 03 12 00   908.8   -21.4    13.8   173                                  
1980 05 03 15 00   906.4   -18.9     8.8   149                                  
1980 05 03 18 00   903.9   -18.1    23.0   156                                  
1980 05 03 21 00   902.9   -19.5    18.9   167                                  
1980 05 04 00 00   905.0   -20.8    15.2   180                                  
1980 05 04 03 00   907.5   -23.3    15.2   198                                  
1980 05 04 06 00   909.8   -26.6    13.8   180                                  
1980 05 04 09 00   911.3   -27.8    15.2   180                                  
1980 05 04 12 00   912.7   -29.4    17.0   189                                  
1980 05 04 15 00   914.0   -30.3    17.0   197                                  
1980 05 04 18 00   914.1   -29.0    13.8   180                                  
1980 05 04 21 00   914.1   -26.9    13.3   186                                  
1980 05 05 00 00   912.8   -24.5    11.5   170                                  
1980 05 05 03 00   911.7   -22.4     9.2   161                                  
1980 05 05 06 00   906.6   -21.1    25.4   161                                  
1980 05 05 09 00   904.5   -21.1    20.7   173                                  
1980 05 05 12 00   901.8   -20.1    23.6   167                                  
1980 05 05 15 00   900.1   -20.1    27.7   165                                  
1980 05 05 18 00   901.7   -21.1    24.4   180                                  
1980 05 05 21 00   905.0   -21.1    14.8   180                                  
1980 05 06 00 00   906.8   -24.6    16.6   205                                  
1980 05 06 03 00   908.6   -26.1    18.9   207                                  
1980 05 06 06 00   910.0   -30.1    22.6   218                                  
1980 05 06 09 00   910.8   -30.4    24.4   198                                  
1980 05 06 12 00   911.6   -25.9    25.4   187                                  
1980 05 06 15 00   908.8   -22.0    26.3   180                                  
1980 05 06 18 00   907.1   -18.0    34.1   179                                  
1980 05 06 21 00   909.8   -17.1    26.7   180                                  
1980 05 07 00 00   912.2   -16.4    28.5   153                                  
1980 05 07 09 00   916.9   -14.6    28.5   141                                  
1980 05 07 12 00   917.0   -14.1    27.7   141                                  
1980 05 07 15 00   914.7   -14.3    30.4   139                                  
1980 05 07 18 00   912.3   -13.1    38.8   142                                  
1980 05 07 21 00   908.2   -12.4    35.5   141                                  
1980 05 08 00 00   906.4   -12.5    44.7   141                                  
1980 05 08 03 00   905.8   -12.1    36.5   145                                  
1980 05 08 09 00   902.0   -10.5    35.9   141                                  
1980 05 08 12 00   900.7    -9.4    33.7   141                                  
1980 05 08 15 00   902.3    -8.3    25.7   141                                  
1980 05 08 18 00   903.4    -7.5    20.7   134                                  
1980 05 08 21 00   903.9    -6.6    19.3   145                                  
1980 05 09 00 00   905.4    -6.9    18.9   141                                  
1980 05 09 03 00   906.1    -6.3    19.3   111                                  
1980 05 09 09 00   905.9    -6.1    24.4   141                                  
1980 05 09 12 00   907.6    -6.1    20.7   141                                  
1980 05 09 15 00   909.0    -6.1    22.0   141                                  
1980 05 09 18 00   911.3    -7.3    23.0   141                                  
1980 05 09 21 00   914.3    -7.5    23.6   143                                  
1980 05 10 00 00   918.7    -8.5    16.6   134                                  
1980 05 10 03 00   923.1    -8.8    14.8   149                                  
1980 05 10 06 00   926.5   -10.3    16.6   180                                  
1980 05 10 09 00   929.5   -11.3    12.9   177                                  
1980 05 10 12 00   932.1   -14.3    14.2   181                                  
1980 05 10 15 00   933.2   -16.4    17.9   180                                  
1980 05 10 18 00   933.4   -13.9    18.3   180                                  
1980 05 10 21 00   932.7   -13.6    22.0   180                                  
1980 05 11 00 00   931.7   -11.5    23.6   159                                  
1980 05 11 03 00   930.2   -10.3    30.0   141                                  
1980 05 11 06 00   927.4   -10.9    29.4   141                                  
1980 05 11 09 00   925.8   -10.6    27.7   139                                  
1980 05 11 12 00   924.1   -10.5    28.5   141                                  
1980 05 11 15 00   924.5   -10.3    25.0   141                                  
1980 05 11 18 00   923.4   -12.1    19.9   141                                  
1980 05 11 21 00   923.4   -12.5    21.6   149                                  
1980 05 12 00 00   922.9   -12.9    18.9   161                                  
1980 05 12 03 00   921.9   -12.1    15.6   149                                  
1980 05 12 06 00   920.5   -12.1    11.9   145                                  
1980 05 12 09 00   918.3   -14.3    11.5   180                                  
1980 05 12 12 00   917.7   -15.3    15.6   180                                  
1980 05 12 15 00   917.4   -17.4    14.8   180                                  
1980 05 12 18 00   917.1   -19.0    18.3   207                                  
1980 05 12 21 00   916.8   -18.9    19.9   189                                  
1980 05 13 00 00   917.0   -18.9    19.3   206                                  
1980 05 13 03 00   916.5   -18.6    21.3   189                                  
1980 05 13 06 00   916.0   -19.8    23.0   193                                  
1980 05 13 09 00   913.8   -19.6    15.2   180                                  
1980 05 13 12 00   910.3   -17.4    21.3   180                                  
1980 05 13 15 00   906.6   -18.0    26.7   180                                  
1980 05 13 18 00   902.5   -19.5    36.5   180                                  
1980 05 13 21 00   902.0   -19.5    34.5   173                                  
1980 05 14 00 00   902.3   -17.6    31.8   180                                  
1980 05 14 03 00   903.6   -18.9    31.8   180                                  
1980 05 14 06 00   905.9   -20.1    25.4   161                                  
1980 05 14 09 00   908.0   -19.8    25.7   165                                  
1980 05 14 12 00   910.3   -19.9    35.1   180                                  
1980 05 14 15 00   913.3   -19.9    22.6   162                                  
1980 05 14 18 00   915.6   -19.9    28.5   180                                  
1980 05 14 21 00   918.4   -20.1    31.8   180                                  
1980 05 15 00 00   920.7   -19.5    30.8   166                                  
1980 05 15 03 00   922.7   -18.9    25.4   180                                  
1980 05 15 06 00   925.0   -19.4    25.4   180                                  
1980 05 15 09 00   926.2   -19.3    25.4   170                                  
1980 05 15 12 00   927.4   -20.5    23.6   167                                  
1980 05 15 15 00   927.9   -21.1    33.2   179                                  
1980 05 15 18 00   927.4   -20.5    24.0   180                                  
1980 05 15 21 00   927.1   -21.3    24.0   180                                  
1980 05 16 00 00   926.6   -19.9    19.3   173                                  
1980 05 16 03 00   926.0   -20.0    17.0   173                                  
1980 05 16 06 00   924.7   -22.9    12.9   180                                  
1980 05 16 09 00   923.8   -24.1    17.5   180                                  
1980 05 16 12 00   923.3   -23.8    11.1   180                                  
1980 05 16 15 00   923.3   -25.0    15.6   184                                  
1980 05 16 18 00   923.2   -24.4    18.3   181                                  
1980 05 16 21 00   923.7   -23.0    15.2   170                                  
1980 05 17 00 00   923.6   -22.3    19.9   180                                  
1980 05 17 03 00   924.3   -20.1    18.3   162                                  
1980 05 17 09 00   925.1   -20.0    18.3   170                                  
1980 05 17 12 00   925.6   -20.1    13.8   141                                  
1980 05 17 15 00   926.6   -18.6    13.3   135                                  
1980 05 17 18 00   926.9   -19.5    14.8    97                                  
1980 05 17 21 00   928.1   -17.3    10.5   120                                  
1980 05 18 00 00   929.0   -17.8    14.2   141                                  
1980 05 18 03 00   930.1   -15.8    12.5   141                                  
1980 05 18 06 00   930.8   -15.4    14.2   141                                  
1980 05 18 09 00   931.4   -15.6    14.8   139                                  
1980 05 18 12 00   932.0   -16.3    15.6   170                                  
1980 05 18 15 00   931.9   -17.8    20.7   180                                  
1980 05 18 18 00   931.9   -19.0    20.3   180                                  
1980 05 18 21 00   931.8   -19.5    16.6   176                                  
1980 05 19 00 00   931.7   -19.6    22.6   169                                  
1980 05 19 03 00   931.0   -18.9    15.6   180                                  
1980 05 19 06 00   930.2   -19.8    15.6   173                                  
1980 05 19 09 00   930.1   -19.5    15.2   170                                  
1980 05 19 12 00   929.7   -19.0    11.9   173                                  
1980 05 19 15 00   928.8   -19.5    15.6   180                                  
1980 05 19 18 00   928.3   -20.8    14.8   180                                  
1980 05 19 21 00   927.6   -22.0    17.9   179                                  
1980 05 20 00 00   927.0   -24.4    18.3   179                                  
1980 05 20 03 00   926.3   -24.9    14.8   180                                  
1980 05 20 06 00   926.0   -25.5    17.9   180                                  
1980 05 20 09 00   925.8   -26.0    18.3   190                                  
1980 05 20 12 00   925.4   -25.3    21.6   180                                  
1980 05 20 15 00   924.6   -24.3    26.3   173                                  
1980 05 20 18 00   923.7   -23.9    24.4   180                                  
1980 05 20 21 00   923.3   -23.6    22.6   180                                  
1980 05 21 00 00   922.2   -23.3    20.3   180                                  
1980 05 21 03 00   921.7   -23.1    25.4   180                                  
1980 05 21 06 00   921.5   -22.1    20.3   170                                  
1980 05 21 09 00   921.6   -22.6    20.7   180                                  
1980 05 21 12 00   921.6   -21.5    17.0   165                                  
1980 05 21 15 00   920.9   -22.3    17.0   176                                  
1980 05 21 18 00   921.0   -21.5    13.3   177                                  
1980 05 21 21 00   921.0   -22.4    13.3   180                                  
1980 05 22 00 00   921.0   -23.1    15.2   180                                  
1980 05 22 03 00   920.7   -25.0    15.2   180                                  
1980 05 22 06 00   920.7   -26.9    18.3   190                                  
1980 05 22 09 00   920.8   -27.6    19.9   180                                  
1980 05 22 12 00   920.8   -27.6    19.3   180                                  
1980 05 22 15 00   920.8   -26.8    20.3   169                                  
1980 05 22 18 00   920.9   -25.4    17.5   180                                  
1980 05 22 21 00   921.7   -24.5    18.9   167                                  
1980 05 23 00 00   922.5   -23.5    14.8   180                                  
1980 05 23 03 00   923.1   -22.5    13.8   180                                  
1980 05 23 06 00   924.1   -23.3     8.8   180                                  
1980 05 23 09 00   924.1   -23.6    10.1   170                                  
1980 05 23 12 00   923.8   -23.6     7.8   180                                  
1980 05 23 15 00   923.1   -22.1     4.7   170                                  
1980 05 23 18 00   921.8   -21.4     5.5   141                                  
1980 05 23 21 00   920.9   -21.5     7.8   128                                  
1980 05 24 00 00   918.8   -18.0    16.6   125                                  
1980 05 24 03 00   916.2   -18.0    23.6   150                                  
1980 05 24 06 00   913.4   -17.6    31.4   149                                  
1980 05 24 09 00   911.3   -17.0    35.1   153                                  
1980 05 24 12 00   910.3   -16.6    34.5   143                                  
1980 05 24 15 00   908.8   -15.8    36.9   141                                  
1980 05 24 18 00   907.1   -15.9    32.8   142                                  
1980 05 24 21 00   905.1   -16.6    38.8   170                                  
1980 05 25 00 00   902.5   -18.4    51.1   150                                  
1980 05 25 03 00   901.0   -17.6    57.5   166                                  
1980 05 25 06 00   899.7   -18.4    52.1   149                                  
1980 05 25 09 00   900.5   -17.8    38.8   170                                  
1980 05 25 12 00   902.4   -16.3    26.7   141                                  
1980 05 25 15 00   902.9   -16.9    28.1   160                                  
1980 05 25 18 00   903.3   -17.3    23.0   169                                  
1980 05 25 21 00   903.0   -18.0    22.6   180                                  
1980 05 26 00 00   902.4   -18.9    22.0   180                                  
1980 05 26 03 00   902.5   -18.9    28.1   166                                  
1980 05 26 09 00   902.5   -20.6    20.7   170                                  
1980 05 26 12 00   901.9   -20.6    22.0   180                                  
1980 05 26 15 00   901.8   -20.3    21.3   180                                  
1980 05 26 18 00   902.3   -20.5    13.3   167                                  
1980 05 26 21 00   903.2   -20.6     7.4   184                                  
1980 05 27 03 00   904.0   -25.5    13.3   201                                  
1980 05 27 06 00   905.4   -28.4    17.5   180                                  
1980 05 27 09 00   906.5   -29.3    17.0   180                                  
1980 05 27 12 00   908.3   -29.0    17.9   180                                  
1980 05 27 15 00   909.4   -28.5    16.2   180                                  
1980 05 27 18 00   908.7   -27.8    18.9   176                                  
1980 05 27 21 00   909.2   -27.3    15.2   180                                  
1980 05 28 00 00   910.0   -27.6    17.0   180                                  
1980 05 28 06 00   911.0   -26.1    17.0   180                                  
1980 05 28 09 00   912.7   -26.8    17.5   198                                  
1980 05 28 12 00   912.2   -27.6    27.1   207                                  
1980 05 28 15 00   911.7   -27.3    42.3   198                                  
1980 05 28 18 00   913.7   -26.0    40.6   206                                  
1980 05 28 21 00   916.7   -25.9    41.9   201                                  
1980 05 29 00 00   919.9   -26.3    41.5   195                                  
1980 05 29 03 00   922.8   -24.8    39.2   189                                  
1980 05 29 06 00   925.9   -24.4    41.5   201                                  
1980 05 29 09 00   930.3   -23.5    34.5   180                                  
1980 05 29 12 00   932.0   -22.5    32.2   198                                  
1980 05 29 15 00   932.6   -19.9    38.2   198                                  
1980 05 29 18 00   936.1   -16.4    30.4   180                                  
1980 05 29 21 00   938.9   -15.9    14.2   143                                  
1980 05 30 00 00   938.9   -15.8    14.8   150                                  
1980 05 30 03 00   941.2   -13.4    20.7   180                                  
1980 05 30 09 00   942.3    -9.6    11.5   141                                  
1980 05 30 12 00   941.8    -8.5    19.9   155                                  
1980 05 30 15 00   940.7    -9.3     7.4   161                                  
1980 05 30 18 00   939.0    -9.1     5.5   156                                  
1980 05 30 21 00   937.6    -8.8     6.4   149                                  
1980 05 31 00 00   935.8    -8.5    12.9   141                                  
1980 05 31 03 00   934.4    -8.0     5.1   141                                  
1980 05 31 06 00   933.2    -7.3     6.8   141                                  
1980 05 31 09 00   932.6    -7.0     5.5   141                                  
1980 05 31 12 00   932.3    -6.8    11.9   141                                  
1980 05 31 15 00   931.8    -8.9     6.4   122                                  
1980 05 31 18 00   930.9    -8.9     6.4   141                                  
1980 05 31 21 00   929.9    -9.6     7.8   148                                  
1980 06 01 06 00   924.0    -8.5     4.1   161                                  
1980 06 01 09 00   922.1    -7.5     5.1   187                                  
1980 06 01 12 00   919.6    -8.0     6.8   198                                  
1980 06 01 15 00   917.4    -8.8     7.8   198                                  
1980 06 01 18 00   915.5   -10.3    10.5   180                                  
1980 06 01 21 00   913.9   -12.9    13.3   212                                  
1980 06 02 00 00   911.8   -11.6     7.4   190                                  
1980 06 02 03 00   910.4   -12.9    18.3   208                                  
1980 06 02 06 00   910.1   -14.1    19.9   225                                  
1980 06 02 09 00   910.3   -14.5    25.4   198                                  
1980 06 02 12 00   909.8   -17.1    36.9   201                                  
1980 06 02 15 00   911.5   -18.3    35.5   218                                  
1980 06 02 18 00   912.6   -15.8    35.5   201                                  
1980 06 02 21 00   916.7   -13.0    19.3   180                                  
1980 06 03 00 00   918.4   -11.1    19.9   179                                  
1980 06 03 03 00   920.1    -8.8    13.3   125                                  
1980 06 03 06 00   921.0    -8.1    17.9   141                                  
1980 06 03 09 00   921.2   -10.3    14.2    90                                  
1980 06 03 12 00   920.1   -10.9    19.9    90                                  
1980 06 03 15 00   916.6    -9.6    27.7   141                                  
1980 06 03 18 00   913.5    -9.6    22.0   117                                  
1980 06 03 21 00   910.1    -9.3    27.1   141                                  
1980 06 04 00 00   910.9   -10.5    26.3   141                                  
1980 06 04 09 00   918.8    -8.9    13.3   141                                  
1980 06 04 12 00   920.3    -8.1    10.1   141                                  
1980 06 04 15 00   921.9    -7.1     9.2   141                                  
1980 06 04 18 00   922.8    -7.5    10.1   125                                  
1980 06 04 21 00   924.4    -8.5    11.1   150                                  
1980 06 05 00 00   925.8    -9.0     7.8   180                                  
1980 06 05 03 00   926.8   -11.6    12.9   187                                  
1980 06 05 06 00   927.8   -15.8    15.6   218                                  
1980 06 05 09 00   927.8   -14.9    20.7   218                                  
1980 06 05 12 00   927.5   -14.1    30.0   218                                  
1980 06 05 15 00   928.8   -14.6    17.0   206                                  
1980 06 05 18 00   928.8   -12.8    10.1   201                                  
1980 06 05 21 00   927.9   -15.4     8.8   208                                  
1980 06 06 00 00   925.8   -12.5     9.8   180                                  
1980 06 06 06 00   921.0   -12.1     6.8   225                                  
1980 06 06 09 00   919.9   -18.0     9.2   217                                  
1980 06 06 12 00   918.4   -17.3     5.1   143                                  
1980 06 06 15 00   916.7   -18.8    23.0   201                                  
1980 06 06 18 00   915.6   -18.6    25.0   225                                  
1980 06 06 21 00   915.0   -19.0    32.2   210                                  
1980 06 07 00 00   915.3   -19.0    13.8   139                                  
1980 06 07 03 00   913.5   -17.8    12.9   180                                  
1980 06 07 06 00   911.4   -15.1    15.2   180                                  
1980 06 07 09 00   909.5   -14.1    13.3   139                                  
1980 06 07 12 00   909.7   -15.1    27.7   134                                  
1980 06 07 15 00   910.8   -16.4    17.9   134                                  
1980 06 07 18 00   911.4   -17.5    17.0   141                                  
1980 06 07 21 00   911.8   -18.0    17.0   141                                  
1980 06 08 00 00   912.9   -19.8    17.5   149                                  
1980 06 08 03 00   912.5   -20.0    19.3   141                                  
1980 06 08 09 00   913.0   -20.8    22.6   141                                  
1980 06 08 12 00   914.5   -22.0    29.1   146                                  
1980 06 08 15 00   915.6   -22.3    29.4   161                                  
1980 06 08 18 00   916.9   -22.9    26.3   161                                  
1980 06 08 21 00   920.2   -21.5    24.4   180                                  
1980 06 09 00 00   921.3   -22.4    30.8   180                                  
1980 06 09 03 00   920.2   -22.9    32.2   180                                  
1980 06 09 09 00   919.9   -20.6    14.2   120                                  
1980 06 09 12 00   917.8   -20.1    33.7   170                                  
1980 06 09 15 00   919.7   -19.6    11.5    35                                  
1980 06 09 18 00   914.6   -19.5    31.8   180                                  
1980 06 09 21 00   915.3   -17.5    16.2   145                                  
1980 06 10 00 00   913.1   -20.6    16.6   180                                  
1980 06 10 03 00   911.1   -20.5    22.0   194                                  
1980 06 10 06 00   909.0   -20.5    17.0   180                                  
1980 06 10 09 00   907.7   -21.3    13.3   179                                  
1980 06 10 12 00   906.0   -22.0    14.8   180                                  
1980 06 10 15 00   904.2   -22.4    11.1    86                                  
1980 06 10 18 00   902.4   -24.3     9.2   180                                  
1980 06 10 21 00   900.9   -24.8     8.4   195                                  
1980 06 11 00 00   899.2   -25.8    13.3   191                                  
1980 06 11 03 00   898.1   -27.1    10.5   195                                  
1980 06 11 06 00   897.5   -28.6     9.8   206                                  
1980 06 11 09 00   897.7   -31.3     9.8   218                                  
1980 06 11 12 00   898.5   -33.3    12.9   167                                  
1980 06 11 15 00   899.0   -33.6    12.5   225                                  
1980 06 11 18 00   899.3   -35.1    11.5   184                                  
1980 06 11 21 00   899.8   -35.5    13.8   198                                  
1980 06 12 00 00   900.4   -35.5     9.8   212                                  
1980 06 12 03 00   901.6   -35.5    13.8   193                                  
1980 06 12 06 00   902.7   -34.6    15.2   180                                  
1980 06 12 09 00   904.9   -33.3    13.3   180                                  
1980 06 12 12 00   906.7   -33.5    12.5   180                                  
1980 06 12 15 00   908.0   -32.1    13.3   187                                  
1980 06 12 18 00   909.5   -29.3     6.8   148                                  
1980 06 12 21 00   910.2   -28.3    10.1   141                                  
1980 06 13 00 00   910.3   -27.0    13.8   141                                  
1980 06 13 03 00   909.6   -25.9    16.2   111                                  
1980 06 13 09 00   908.9   -24.1    11.5   141                                  
1980 06 13 12 00   908.4   -23.3    11.1   141                                  
1980 06 13 15 00   909.5   -22.4     4.1   141                                  
1980 06 13 18 00   909.6   -21.8     5.5   134                                  
1980 06 13 21 00   909.1   -22.0     7.4   141                                  
1980 06 14 00 00   909.7   -21.9     2.3   141                                  
1980 06 14 06 00   912.1   -21.3     4.1   180                                  
1980 06 14 09 00   913.3   -26.0     9.2   198                                  
1980 06 14 12 00   915.0   -25.6    15.2   180                                  
1980 06 14 15 00   914.1   -23.1    29.4   180                                  
1980 06 14 18 00   920.1   -21.8    12.5   184                                  
1980 06 14 21 00   921.0   -24.3    27.1   204                                  
1980 06 15 00 00   922.4   -25.4    18.9   189                                  
1980 06 15 06 00   926.4   -23.8    25.4   206                                  
1980 06 15 09 00   927.0   -23.8    30.0   189                                  
1980 06 15 12 00   928.0   -21.1    33.7   198                                  
1980 06 15 15 00   929.5   -19.6    23.6   161                                  
1980 06 15 18 00   929.3   -16.6    15.2   180                                  
1980 06 15 21 00   928.4   -16.3    16.6   167                                  
1980 06 16 00 00   928.6   -14.9    14.2   134                                  
1980 06 16 06 00   925.3   -12.3    20.7   120                                  
1980 06 16 09 00   926.3   -12.1    31.8   139                                  
1980 06 16 12 00   927.7   -13.5    35.9   145                                  
1980 06 16 15 00   927.2   -14.5    35.9   156                                  
1980 06 16 18 00   925.2   -13.6    30.8   141                                  
1980 06 16 21 00   921.3   -15.1    32.2   149                                  
1980 06 17 00 00   917.4   -14.5    47.4   152                                  
1980 06 17 03 00   917.5   -14.1    35.1   141                                  
1980 06 17 09 00   912.4   -16.5    39.6   149                                  
1980 06 17 12 00   912.1   -17.3    35.9   148                                  
1980 06 17 15 00   911.2   -18.4    31.8   170                                  
1980 06 17 18 00   910.1   -20.0    35.9   156                                  
1980 06 17 21 00   909.3   -20.9    33.7   170                                  
1980 06 18 00 00   909.5   -21.8    31.8   180                                  
1980 06 18 03 00   907.3   -22.4    30.0   170                                  
1980 06 18 06 00   905.4   -21.1    23.0   149                                  
1980 06 18 09 00   905.2   -20.5    26.7   149                                  
1980 06 18 12 00   903.3   -20.8    26.7   141                                  
1980 06 18 15 00   901.0   -22.0    26.3   131                                  
1980 06 18 18 00   898.4   -22.6    32.8   149                                  
1980 06 18 21 00   897.6   -22.8    30.8   152                                  
1980 06 19 00 00   898.0   -22.6    30.8   180                                  
1980 06 19 18 00   906.1   -26.9    20.7   180                                  
