White Out
Operated by US
latitude -77.87 longitude 168.16 height 30m
Data format is: Year, Month, Day, Hour (UTC), Minute, Pressure (hPa), Temperature (Deg C), Wind Speed (knots), Wind Direction (Degrees)
Null values are displayed as -999
Data supplied by the University of Wisconsin

1998 12 01 00 00   980.3    -4.8     7.2   302                                  
1998 12 01 03 00   980.1    -4.9    10.3   188                                  
1998 12 01 06 00   978.6    -5.0     7.6   302                                  
1998 12 01 09 00   977.6    -4.4    22.0   212                                  
1998 12 01 12 00   981.5    -9.6     8.8   192                                  
1998 12 01 15 00   983.7   -11.8     4.5   237                                  
1998 12 01 18 00   984.8    -9.5     1.2   215                                  
1998 12 01 21 00   984.4    -9.4     1.2    33                                  
1998 12 02 00 00   985.7   -12.5     5.3   254                                  
1998 12 02 03 00   986.2   -10.8     9.9   187                                  
1998 12 02 06 00   987.4   -11.2     3.1   215                                  
1998 12 02 09 00   987.4    -9.1     3.1   345                                  
1998 12 02 12 00   986.9   -11.8     3.5   209                                  
1998 12 02 15 00   986.0   -13.4     4.9   281                                  
1998 12 02 18 00   985.8   -13.1     4.9   277                                  
1998 12 02 21 00   985.6   -10.6     5.3   289                                  
1998 12 03 00 00   985.1    -9.4     3.7   293                                  
1998 12 03 03 00   983.9    -6.8     7.2   255                                  
1998 12 03 06 00   983.1    -6.0     9.6   251                                  
1998 12 03 09 00   982.2    -7.2     9.2   248                                  
1998 12 03 12 00   982.0    -8.9     6.4   315                                  
1998 12 03 15 00   981.1   -10.8     5.7   296                                  
1998 12 03 18 00   980.9   -10.4     4.5   338                                  
1998 12 03 21 00   980.9    -6.4     4.5   345                                  
1998 12 04 00 00   980.9    -3.8     2.7    61                                  
1998 12 04 03 00   980.0     0.1     1.2   135                                  
1998 12 04 06 00   978.9    -4.0     4.5   164                                  
1998 12 04 09 00   978.4    -7.6     6.0   137                                  
1998 12 04 12 00   978.6   -12.1     4.9   184                                  
1998 12 04 15 00   978.7   -10.8     2.7   293                                  
1998 12 04 18 00   979.7    -9.6     2.7   295                                  
1998 12 04 21 00   980.4    -5.0     2.7   212                                  
1998 12 05 00 00   980.6    -3.6     0.8   140                                  
1998 12 05 03 00   980.2    -3.4     4.1   119                                  
1998 12 05 06 00   980.3    -1.9     2.7   343                                  
1998 12 05 09 00   980.2    -7.2     5.3   306                                  
1998 12 05 12 00   980.5    -8.8     1.6   345                                  
1998 12 05 15 00   980.1   -10.1     4.1   326                                  
1998 12 05 18 00   980.4    -8.0     4.1   277                                  
1998 12 05 21 00   980.2    -4.2     3.7   306                                  
1998 12 06 00 00   979.7    -1.9     3.1   345                                  
1998 12 06 03 00   978.5     1.9     1.2     5                                  
1998 12 06 06 00   977.4    -1.8     1.2   312                                  
1998 12 06 09 00   976.6    -5.8     4.5   317                                  
1998 12 06 12 00   975.7    -8.5     2.0   267                                  
1998 12 06 15 00   974.9    -7.6     1.2   345                                  
1998 12 06 18 00   974.7   -10.8     3.5   338                                  
1998 12 06 21 00   974.3    -5.0     5.7   336                                  
1998 12 07 00 00   973.8    -1.6     5.3   277                                  
1998 12 07 03 00   973.4    -0.5     4.5   331                                  
1998 12 07 06 00   973.7    -1.8     3.1   345                                  
1998 12 07 09 00   974.0    -3.0     2.7    49                                  
1998 12 07 12 00   974.3    -7.0     7.6   137                                  
1998 12 07 15 00   974.7   -10.2    11.3   144                                  
1998 12 07 18 00   975.6    -8.8     4.5    77                                  
1998 12 07 21 00   976.0    -8.2     8.8   132                                  
1998 12 08 00 00   976.2    -8.0     6.8    25                                  
1998 12 08 03 00   976.2    -6.0     8.8   136                                  
1998 12 08 06 00   976.4    -8.5    13.3   135                                  
1998 12 08 09 00   976.6    -8.5     8.8   119                                  
1998 12 08 12 00   976.6    -9.4    11.1   150                                  
1998 12 08 15 00   976.7    -9.8     8.8   156                                  
1998 12 08 18 00   976.9    -9.5    11.3   170                                  
1998 12 08 21 00   977.2    -6.4     2.7   340                                  
1998 12 09 00 00   976.7    -5.4     0.8   345                                  
1998 12 09 03 00   975.8    -4.0     4.1   345                                  
1998 12 09 06 00   974.9    -4.9     3.5    88                                  
1998 12 09 09 00   974.0    -6.5     4.5    91                                  
1998 12 09 12 00   973.2   -10.2     4.9    75                                  
1998 12 09 15 00   972.2   -13.0     4.9    75                                  
1998 12 09 18 00   971.5   -11.9     4.5    66                                  
1998 12 09 21 00   970.7    -5.4     3.7    59                                  
1998 12 10 00 00   969.7    -3.0     4.5   345                                  
1998 12 10 03 00   968.5    -1.8     3.1    18                                  
1998 12 10 06 00   967.9    -3.4     4.5    43                                  
1998 12 10 09 00   967.4    -4.4     2.7   327                                  
1998 12 10 12 00   967.0    -7.8     3.1   340                                  
1998 12 10 15 00   967.2   -10.9     6.0   153                                  
1998 12 10 18 00   968.0   -11.5     1.6    84                                  
1998 12 10 21 00   968.5    -8.4    11.3   174                                  
1998 12 11 00 00   969.7    -8.2    19.7   140                                  
1998 12 11 03 00   970.5    -8.0    16.0   158                                  
1998 12 11 06 00   971.2    -7.6    11.3   144                                  
1998 12 11 09 00   971.7    -8.9    13.3   146                                  
1998 12 11 12 00   972.4    -9.6     8.4   143                                  
1998 12 11 15 00   972.6    -9.6     8.4   143                                  
1998 12 11 18 00   973.4    -8.8     6.0   132                                  
1998 12 11 21 00   974.1    -6.1     2.3   119                                  
1998 12 12 00 00   974.4    -6.1     3.5    73                                  
1998 12 12 03 00   974.5    -6.4     3.5    71                                  
1998 12 12 06 00   975.3    -7.8     4.5    73                                  
1998 12 12 09 00   975.9   -10.6     4.5    63                                  
1998 12 12 12 00   976.3   -14.5     4.9    78                                  
1998 12 12 15 00   976.5   -15.9     5.7    56                                  
1998 12 12 18 00   977.3   -13.2     6.0    54                                  
1998 12 12 21 00   978.0    -9.5     8.4    40                                  
1998 12 13 00 00   978.6    -8.5     9.6    50                                  
1998 12 13 03 00   978.8    -6.5     8.4    33                                  
1998 12 13 06 00   978.6    -7.0     6.4    42                                  
1998 12 13 09 00   978.3   -10.6     6.4    49                                  
1998 12 13 12 00   978.2   -13.8     4.5    52                                  
1998 12 13 15 00   977.7   -15.6     4.5    64                                  
1998 12 13 18 00   978.2   -13.5     2.3    97                                  
1998 12 13 21 00   978.5    -9.4     1.6   209                                  
1998 12 14 00 00   978.5    -8.0     4.5   150                                  
1998 12 14 03 00   978.5    -5.5     2.0   161                                  
1998 12 14 06 00   978.6    -6.2     3.7   146                                  
1998 12 14 09 00   979.5    -9.1     0.4     1                                  
1998 12 14 12 00   980.1   -14.1     3.5    74                                  
1998 12 14 15 00   980.9   -12.6     2.0    73                                  
1998 12 14 18 00   982.6   -10.2     2.3    77                                  
1998 12 14 21 00   983.9    -9.2     3.1   146                                  
1998 12 15 00 00   985.3    -6.8     3.1   194                                  
1998 12 15 03 00   985.8    -7.0     3.7   168                                  
1998 12 15 06 00   986.3    -7.9     8.8   154                                  
1998 12 15 09 00   986.9    -8.2     6.8   225                                  
1998 12 15 12 00   986.9    -8.4     6.0   270                                  
1998 12 15 15 00   986.8    -8.2     9.2   227                                  
1998 12 15 18 00   987.3    -7.8     8.4   230                                  
1998 12 15 21 00   987.5    -7.8    13.3   188                                  
1998 12 16 00 00   987.1    -7.4    16.0   182                                  
1998 12 16 03 00   986.6    -7.2    15.6   185                                  
1998 12 16 06 00   986.9    -7.2     8.8   163                                  
1998 12 16 09 00   986.9    -5.9     2.0   258                                  
1998 12 16 12 00   986.6    -7.9     3.5   264                                  
1998 12 16 15 00   986.3    -8.6     3.5   260                                  
1998 12 16 18 00   986.8    -7.9     2.3   222                                  
1998 12 16 21 00   986.8    -7.0     5.7   180                                  
1998 12 17 00 00   987.2    -4.4     2.0   189                                  
1998 12 17 03 00   987.2    -5.9     9.9   164                                  
1998 12 17 06 00   988.1    -6.4     8.0   172                                  
1998 12 17 09 00   989.1    -7.8     3.7   334                                  
1998 12 17 12 00   989.6    -9.0     2.0   315                                  
1998 12 17 15 00   990.3    -8.0     0.4   285                                  
1998 12 17 18 00   991.1    -7.0     0.4    15                                  
1998 12 17 21 00   991.6    -5.9     3.5    39                                  
1998 12 18 00 00   992.0    -4.4     5.7    50                                  
1998 12 18 03 00   991.5    -2.2     3.7    12                                  
1998 12 18 06 00   991.3    -1.6     2.3    33                                  
1998 12 18 09 00   990.2    -6.0     3.1   345                                  
1998 12 18 12 00   988.8   -11.4     4.9   338                                  
1998 12 18 15 00   987.0   -12.6     2.3   254                                  
1998 12 18 18 00   986.2    -9.8     3.5   267                                  
1998 12 18 21 00   985.4    -5.0     2.0   289                                  
1998 12 19 00 00   984.3    -0.9     0.4   170                                  
1998 12 19 03 00   982.6    -2.2     6.0    78                                  
1998 12 19 06 00   981.6    -1.6     3.5    59                                  
1998 12 19 09 00   980.6    -5.4     3.7    82                                  
1998 12 19 12 00   979.5    -8.1     5.3    60                                  
1998 12 19 15 00   978.8   -10.6     3.1   112                                  
1998 12 19 18 00   979.0   -10.1     6.8   125                                  
1998 12 19 21 00   979.4    -5.5     4.1   123                                  
1998 12 20 00 00   980.4    -5.9     7.2   165                                  
1998 12 20 03 00   981.0    -2.9     3.1    12                                  
1998 12 20 06 00   982.1    -1.6     3.1   123                                  
1998 12 20 09 00   983.1    -4.9     2.7   120                                  
1998 12 20 12 00   983.6   -10.4     0.4   323                                  
1998 12 20 15 00   983.7    -9.6     4.5   315                                  
1998 12 20 18 00   982.8    -7.0     2.0   156                                  
1998 12 20 21 00   980.6    -4.9     9.9   199                                  
1998 12 21 00 00   979.8    -2.6     4.9   292                                  
1998 12 21 03 00   978.6    -0.8     1.2   286                                  
1998 12 21 06 00   977.9    -0.1     7.6   150                                  
1998 12 21 09 00   977.7    -4.1    21.6   177                                  
1998 12 21 12 00   978.9    -6.8    22.4   191                                  
1998 12 21 15 00   979.7    -6.1    29.2   194                                  
1998 12 21 18 00   983.7    -6.1    18.7   196                                  
1998 12 21 21 00   986.3    -3.6     2.0   185                                  
1998 12 22 00 00   986.5    -2.6     2.3   185                                  
1998 12 22 03 00   985.8    -3.8     6.8    40                                  
1998 12 22 06 00   985.3    -2.1     4.1    74                                  
1998 12 22 09 00   985.4    -3.0     0.8    74                                  
1998 12 22 12 00   986.3    -7.0     4.5   305                                  
1998 12 22 15 00   986.9   -10.5     5.7   292                                  
1998 12 22 18 00   988.3    -8.0     8.4   345                                  
1998 12 22 21 00   990.0    -3.1     4.5   265                                  
1998 12 23 00 00   991.8     0.0     7.6   225                                  
1998 12 23 03 00   993.1    -0.1     3.7   126                                  
1998 12 23 06 00   993.6     0.5     2.7    47                                  
1998 12 23 09 00   994.1    -2.9     5.7   299                                  
1998 12 23 12 00   994.5    -6.8     6.8   237                                  
1998 12 23 15 00   995.5    -7.2     8.8   285                                  
1998 12 23 18 00   996.5    -4.9     5.7   298                                  
1998 12 23 21 00   997.3    -1.4     6.4   274                                  
1998 12 24 00 00   997.5    -0.6     6.8   267                                  
1998 12 24 03 00   996.3     0.6     9.6   234                                  
1998 12 24 06 00   994.3    -1.2     2.7   345                                  
1998 12 24 09 00   992.1    -4.8     5.7    49                                  
1998 12 24 12 00   988.5    -7.0     5.7    61                                  
1998 12 24 15 00   985.1    -8.8     3.1   156                                  
1998 12 24 18 00   981.0    -6.0     2.3   278                                  
1998 12 24 21 00   979.1    -3.0     4.1   317                                  
1998 12 25 00 00   978.9    -0.8     4.1   282                                  
1998 12 25 03 00   981.0    -3.6    16.8   192                                  
1998 12 25 06 00   985.4    -3.4     9.2   251                                  
1998 12 25 09 00   988.0    -5.5    11.1   217                                  
1998 12 25 12 00   990.5    -5.5    18.3   199                                  
1998 12 25 15 00   991.4    -5.0     3.5   246                                  
1998 12 25 18 00   991.6    -5.2     5.3   250                                  
1998 12 25 21 00   991.3    -2.5     5.7   212                                  
1998 12 26 00 00   990.7    -1.4     1.6   222                                  
1998 12 26 03 00   990.0     0.1     3.7   194                                  
1998 12 26 06 00   989.3     0.2     0.8     1                                  
1998 12 26 09 00   989.2    -4.2     3.7   109                                  
1998 12 26 12 00   989.3    -7.1     5.7   170                                  
1998 12 26 15 00   990.1    -6.1     3.7   115                                  
1998 12 26 18 00   990.5    -5.9     8.0   291                                  
1998 12 26 21 00   990.7    -3.4    11.3   319                                  
1998 12 27 00 00   990.8    -1.8     8.4   317                                  
1998 12 27 03 00   991.1    -1.8    10.7   198                                  
1998 12 27 06 00   991.7    -2.4     6.0   220                                  
1998 12 27 09 00   992.6    -5.9     7.6   203                                  
1998 12 27 12 00   993.9    -6.2     4.5   115                                  
1998 12 27 15 00   994.3    -7.0     4.9    85                                  
1998 12 27 18 00   995.0    -5.9     3.1    92                                  
1998 12 27 21 00   995.4    -3.2     0.4   154                                  
1998 12 28 00 00   995.7    -4.4     3.7   253                                  
1998 12 28 03 00   995.5    -2.2     6.0   303                                  
1998 12 28 06 00   996.1    -1.0     3.7   282                                  
1998 12 28 09 00   996.2    -4.5     6.0   265                                  
1998 12 28 12 00   996.7    -6.8     6.8   282                                  
1998 12 28 15 00   996.9    -7.8     6.4   274                                  
1998 12 28 18 00   997.2    -6.5     4.9   268                                  
1998 12 28 21 00   997.5    -4.4     6.0   261                                  
1998 12 29 00 00   997.8    -2.4     5.3   257                                  
1998 12 29 03 00   997.2    -1.0     4.1   248                                  
1998 12 29 06 00   996.6     0.0     3.5   284                                  
1998 12 29 09 00   995.9    -3.4     3.7   309                                  
1998 12 29 12 00   995.7   -10.9     4.9   324                                  
1998 12 29 15 00   995.3    -9.8     3.1    99                                  
1998 12 29 18 00   995.3    -8.9     2.0   120                                  
1998 12 29 21 00   995.7    -6.8     3.5   118                                  
1998 12 30 00 00   996.1    -3.1     2.0    92                                  
1998 12 30 03 00   996.1    -2.2     3.1    75                                  
1998 12 30 06 00   996.4    -4.9     4.1   139                                  
1998 12 30 09 00   996.6    -4.0     2.0   151                                  
1998 12 30 12 00   996.7   -10.1     4.1   302                                  
1998 12 30 15 00   996.7   -12.5     3.5   206                                  
1998 12 30 18 00   996.9   -12.4     5.7    64                                  
1998 12 30 21 00   997.1    -9.0     6.0    75                                  
1998 12 31 00 00   996.8    -7.4     4.1    54                                  
1998 12 31 03 00   996.0    -6.9     6.0    36                                  
1998 12 31 06 00   995.2    -4.8     4.5    73                                  
1998 12 31 09 00   994.4    -7.4     4.9    61                                  
1998 12 31 12 00   993.5   -11.4     6.4    36                                  
1998 12 31 15 00   992.9   -10.1     1.2    81                                  
1998 12 31 18 00   992.3    -9.0     2.3    39                                  
1998 12 31 21 00   991.9    -5.5     3.1    47                                  
1999 01 01 00 00   991.4    -2.0     2.3    26                                  
1999 01 01 03 00   990.2    -1.5     4.1    42                                  
1999 01 01 06 00   990.0    -1.8 -999    -999                                   
1999 01 01 09 00   989.8    -3.5 -999    -999                                   
1999 01 01 12 00   989.3    -5.9 -999    -999                                   
1999 01 01 15 00   988.7    -7.8     1.6   336                                  
1999 01 01 18 00   988.6    -7.2     3.1   272                                  
1999 01 01 21 00   987.9    -3.4     0.8   229                                  
1999 01 02 00 00   986.9    -0.6     3.5   226                                  
1999 01 02 03 00   985.3    -1.8     6.8   309                                  
1999 01 02 06 00   983.5    -3.0     7.6   324                                  
1999 01 02 09 00   981.2    -4.4    11.3   299                                  
1999 01 02 12 00   978.9    -4.1    14.4   281                                  
1999 01 02 15 00   977.3    -4.5    12.9   291                                  
1999 01 02 18 00   976.4    -2.1    14.8   288                                  
1999 01 02 21 00   975.3    -2.0    22.0   239                                  
1999 01 03 00 00   974.2    -1.8    24.4   212                                  
1999 01 03 03 00   974.1    -1.2    15.6   219                                  
1999 01 03 06 00   974.3    -1.2    17.9   217                                  
1999 01 03 09 00   974.8    -1.9    14.4   225                                  
1999 01 03 12 00   975.7    -1.8    13.6   239                                  
1999 01 03 15 00   976.7    -3.0     2.7   230                                  
1999 01 03 18 00   977.0    -2.5     5.3   281                                  
1999 01 03 21 00   978.1    -3.2    20.9   201                                  
1999 01 04 00 00   978.3    -1.2    10.7   268                                  
1999 01 04 03 00   977.5    -1.2    19.7   201                                  
1999 01 04 06 00   979.4    -0.2     1.6   307                                  
1999 01 04 09 00   979.6    -1.0     9.6   233                                  
1999 01 04 12 00   980.3    -1.0     9.9   229                                  
1999 01 04 15 00   979.7    -1.2     9.9   262                                  
1999 01 04 18 00   979.8    -0.2    12.9   210                                  
1999 01 04 21 00   980.2    -0.2    12.9   248                                  
1999 01 05 00 00   980.7     0.4     6.0   198                                  
1999 01 05 03 00   982.3    -2.9     7.2   181                                  
1999 01 05 06 00   984.1    -4.8     7.2   247                                  
1999 01 05 09 00   985.0    -5.4     7.6   199                                  
1999 01 05 12 00   986.1    -7.2     7.2   180                                  
1999 01 05 15 00   986.3    -5.6     0.4   323                                  
1999 01 05 18 00   987.2    -4.9     3.5   268                                  
1999 01 05 21 00   987.1    -3.2     6.8   171                                  
1999 01 06 00 00   986.4    -1.9     0.4   104                                  
1999 01 06 03 00   985.1    -2.2     7.6   313                                  
1999 01 06 06 00   983.0    -2.2     9.9   317                                  
1999 01 06 09 00   981.2    -2.5     7.6   258                                  
1999 01 06 12 00   981.9    -3.6    13.3   195                                  
1999 01 06 15 00   982.8    -4.6     9.2   167                                  
1999 01 06 18 00   983.7    -5.4    12.9   181                                  
1999 01 06 21 00   984.8    -2.4     1.6   142                                  
1999 01 07 00 00   984.8    -3.1     7.2   165                                  
1999 01 07 03 00   984.6    -2.0     6.0   156                                  
1999 01 07 06 00   984.2     0.2     2.0    94                                  
1999 01 07 09 00   983.0    -5.0     4.5    75                                  
1999 01 07 12 00   983.7    -5.5     2.3   194                                  
1999 01 07 15 00   983.9    -4.1     1.2   244                                  
1999 01 07 18 00   984.1    -3.5     2.3    59                                  
1999 01 07 21 00   984.8    -3.0     7.6   174                                  
1999 01 08 00 00   984.6    -2.6     4.5   156                                  
1999 01 08 03 00   983.3    -2.6     6.0    49                                  
1999 01 08 06 00   982.6    -1.6     6.0    85                                  
1999 01 08 09 00   982.1    -4.0     8.0    80                                  
1999 01 08 12 00   981.9    -5.6     6.8   139                                  
1999 01 08 15 00   981.6    -7.1     4.9   157                                  
1999 01 08 18 00   981.5    -5.8     4.9   139                                  
1999 01 08 21 00   981.2    -4.9     8.8   180                                  
1999 01 09 00 00   981.0    -4.4     7.2   194                                  
1999 01 09 03 00   980.0    -3.9     7.2   161                                  
1999 01 09 06 00   978.8    -3.8     6.8   146                                  
1999 01 09 09 00   978.1    -6.5     4.9    46                                  
1999 01 09 12 00   977.3    -8.9     3.5    60                                  
1999 01 09 15 00   976.7    -9.8     5.3    75                                  
1999 01 09 18 00   976.5    -8.0     6.8    85                                  
1999 01 09 21 00   977.2    -5.9     4.5    91                                  
1999 01 10 00 00   978.2    -5.0     6.0   136                                  
1999 01 10 03 00   978.8    -4.6     4.5   170                                  
1999 01 10 06 00   979.8    -6.5    10.3   158                                  
1999 01 10 09 00   980.9    -5.5     1.2    75                                  
1999 01 10 12 00   981.8    -6.6     3.1    91                                  
1999 01 10 15 00   982.2    -7.9     3.7    39                                  
1999 01 10 18 00   983.1    -7.4     5.3   347                                  
1999 01 10 21 00   983.9    -5.4     6.4   272                                  
